2021-05-30 17:23:26.522822 [b56c8b5f] Initializing 1-to-N training job...
2021-05-30 17:23:26.635994 [b56c8b5f] Saving checkpoint to /home/jwentz/kge/local/experiments/20210530-171434-wordcraft-search-ax/00007/checkpoint_00000.pt...
2021-05-30 17:23:26.655092 [b56c8b5f] Starting training...
2021-05-30 17:23:26.655544 [b56c8b5f] Starting epoch 1...
2021-05-30 17:23:26.682693 [b56c8b5f] CUDA memory after first batch: allocated=     1,693,184 reserved=   769,654,784 max_allocated=   258,084,352
2021-05-30 17:23:27.076071 [b56c8b5f] avg_cost: 14.231273747198971
2021-05-30 17:23:27.076081 [b56c8b5f] avg_loss: 14.231273747198971
2021-05-30 17:23:27.076084 [b56c8b5f] avg_penalties: {}
2021-05-30 17:23:27.076087 [b56c8b5f] avg_penalty: 0.0
2021-05-30 17:23:27.076089 [b56c8b5f] backward_time: 0.0363306999206543
2021-05-30 17:23:27.076092 [b56c8b5f] batches: 23
2021-05-30 17:23:27.076094 [b56c8b5f] entry_id: 3614644b-ce4c-4862-b035-f4f04e60f776
2021-05-30 17:23:27.076097 [b56c8b5f] epoch: 1
2021-05-30 17:23:27.076099 [b56c8b5f] epoch_time: 0.4164280891418457
2021-05-30 17:23:27.076102 [b56c8b5f] event: epoch_completed
2021-05-30 17:23:27.076105 [b56c8b5f] forward_time: 0.036786556243896484
2021-05-30 17:23:27.076107 [b56c8b5f] job: train
2021-05-30 17:23:27.076109 [b56c8b5f] job_id: b56c8b5f-3230-4f56-89c8-fa4f5de7c182
2021-05-30 17:23:27.076112 [b56c8b5f] lr:
2021-05-30 17:23:27.076114 [b56c8b5f] - 0.2022897507995367
2021-05-30 17:23:27.076117 [b56c8b5f] num_parameters: 140400
2021-05-30 17:23:27.076120 [b56c8b5f] optimizer_time: 0.006176471710205078
2021-05-30 17:23:27.076122 [b56c8b5f] other_time: 0.31414031982421875
2021-05-30 17:23:27.076125 [b56c8b5f] parent_job_id: 58142d6e-4ebe-4aed-b088-29264465bf53
2021-05-30 17:23:27.076127 [b56c8b5f] prepare_time: 0.022994041442871094
2021-05-30 17:23:27.076129 [b56c8b5f] scope: epoch
2021-05-30 17:23:27.076132 [b56c8b5f] size: 2221
2021-05-30 17:23:27.076134 [b56c8b5f] split: train
2021-05-30 17:23:27.076137 [b56c8b5f] timestamp: 1622391807.072355
2021-05-30 17:23:27.076139 [b56c8b5f] type: KvsAll
2021-05-30 17:23:27.079687 [b56c8b5f]   avg_cost: 14.231273747198971
2021-05-30 17:23:27.079713 [b56c8b5f]   avg_loss: 14.231273747198971
2021-05-30 17:23:27.079720 [b56c8b5f]   avg_penalties: {}
2021-05-30 17:23:27.079725 [b56c8b5f]   avg_penalty: 0.0
2021-05-30 17:23:27.079731 [b56c8b5f]   backward_time: 0.0363306999206543
2021-05-30 17:23:27.079737 [b56c8b5f]   batches: 23
2021-05-30 17:23:27.079743 [b56c8b5f]   entry_id: 3614644b-ce4c-4862-b035-f4f04e60f776
2021-05-30 17:23:27.079748 [b56c8b5f]   epoch: 1
2021-05-30 17:23:27.079754 [b56c8b5f]   epoch_time: 0.4164280891418457
2021-05-30 17:23:27.079760 [b56c8b5f]   event: epoch_completed
2021-05-30 17:23:27.079766 [b56c8b5f]   forward_time: 0.036786556243896484
2021-05-30 17:23:27.079772 [b56c8b5f]   job: train
2021-05-30 17:23:27.079777 [b56c8b5f]   job_id: b56c8b5f-3230-4f56-89c8-fa4f5de7c182
2021-05-30 17:23:27.079783 [b56c8b5f]   lr:
2021-05-30 17:23:27.079789 [b56c8b5f]   - 0.2022897507995367
2021-05-30 17:23:27.079794 [b56c8b5f]   num_parameters: 140400
2021-05-30 17:23:27.079800 [b56c8b5f]   optimizer_time: 0.006176471710205078
2021-05-30 17:23:27.079806 [b56c8b5f]   other_time: 0.31414031982421875
2021-05-30 17:23:27.079811 [b56c8b5f]   parent_job_id: 58142d6e-4ebe-4aed-b088-29264465bf53
2021-05-30 17:23:27.079817 [b56c8b5f]   prepare_time: 0.022994041442871094
2021-05-30 17:23:27.079822 [b56c8b5f]   scope: epoch
2021-05-30 17:23:27.079828 [b56c8b5f]   size: 2221
2021-05-30 17:23:27.079836 [b56c8b5f]   split: train
2021-05-30 17:23:27.079843 [b56c8b5f]   timestamp: 1622391807.072355
2021-05-30 17:23:27.079849 [b56c8b5f]   type: KvsAll
2021-05-30 17:23:27.080360 [b56c8b5f] Finished epoch 1.
2021-05-30 17:23:27.080770 [b56c8b5f] Saving checkpoint to /home/jwentz/kge/local/experiments/20210530-171434-wordcraft-search-ax/00007/checkpoint_00001.pt...
2021-05-30 17:23:27.085759 [b56c8b5f] Starting epoch 2...
2021-05-30 17:23:27.470250 [b56c8b5f] avg_cost: 4.003204011584337
2021-05-30 17:23:27.470259 [b56c8b5f] avg_loss: 4.003204011584337
2021-05-30 17:23:27.470263 [b56c8b5f] avg_penalties: {}
2021-05-30 17:23:27.470266 [b56c8b5f] avg_penalty: 0.0
2021-05-30 17:23:27.470268 [b56c8b5f] backward_time: 0.034207820892333984
2021-05-30 17:23:27.470271 [b56c8b5f] batches: 23
2021-05-30 17:23:27.470274 [b56c8b5f] entry_id: 55dd849d-b4d9-4273-97b1-314f5de17413
2021-05-30 17:23:27.470276 [b56c8b5f] epoch: 2
2021-05-30 17:23:27.470279 [b56c8b5f] epoch_time: 0.380220890045166
2021-05-30 17:23:27.470282 [b56c8b5f] event: epoch_completed
2021-05-30 17:23:27.470284 [b56c8b5f] forward_time: 0.034639835357666016
2021-05-30 17:23:27.470287 [b56c8b5f] job: train
2021-05-30 17:23:27.470290 [b56c8b5f] job_id: b56c8b5f-3230-4f56-89c8-fa4f5de7c182
2021-05-30 17:23:27.470292 [b56c8b5f] lr:
2021-05-30 17:23:27.470295 [b56c8b5f] - 0.2022897507995367
2021-05-30 17:23:27.470297 [b56c8b5f] num_parameters: 140400
2021-05-30 17:23:27.470300 [b56c8b5f] optimizer_time: 0.0059051513671875
2021-05-30 17:23:27.470302 [b56c8b5f] other_time: 0.28435397148132324
2021-05-30 17:23:27.470305 [b56c8b5f] parent_job_id: 58142d6e-4ebe-4aed-b088-29264465bf53
2021-05-30 17:23:27.470308 [b56c8b5f] prepare_time: 0.021114110946655273
2021-05-30 17:23:27.470310 [b56c8b5f] scope: epoch
2021-05-30 17:23:27.470313 [b56c8b5f] size: 2221
2021-05-30 17:23:27.470315 [b56c8b5f] split: train
2021-05-30 17:23:27.470318 [b56c8b5f] timestamp: 1622391807.4665332
2021-05-30 17:23:27.470320 [b56c8b5f] type: KvsAll
2021-05-30 17:23:27.473241 [b56c8b5f]   avg_cost: 4.003204011584337
2021-05-30 17:23:27.473252 [b56c8b5f]   avg_loss: 4.003204011584337
2021-05-30 17:23:27.473259 [b56c8b5f]   avg_penalties: {}
2021-05-30 17:23:27.473265 [b56c8b5f]   avg_penalty: 0.0
2021-05-30 17:23:27.473272 [b56c8b5f]   backward_time: 0.034207820892333984
2021-05-30 17:23:27.473278 [b56c8b5f]   batches: 23
2021-05-30 17:23:27.473283 [b56c8b5f]   entry_id: 55dd849d-b4d9-4273-97b1-314f5de17413
2021-05-30 17:23:27.473290 [b56c8b5f]   epoch: 2
2021-05-30 17:23:27.473296 [b56c8b5f]   epoch_time: 0.380220890045166
2021-05-30 17:23:27.473302 [b56c8b5f]   event: epoch_completed
2021-05-30 17:23:27.473308 [b56c8b5f]   forward_time: 0.034639835357666016
2021-05-30 17:23:27.473314 [b56c8b5f]   job: train
2021-05-30 17:23:27.473320 [b56c8b5f]   job_id: b56c8b5f-3230-4f56-89c8-fa4f5de7c182
2021-05-30 17:23:27.473325 [b56c8b5f]   lr:
2021-05-30 17:23:27.473331 [b56c8b5f]   - 0.2022897507995367
2021-05-30 17:23:27.473351 [b56c8b5f]   num_parameters: 140400
2021-05-30 17:23:27.473357 [b56c8b5f]   optimizer_time: 0.0059051513671875
2021-05-30 17:23:27.473363 [b56c8b5f]   other_time: 0.28435397148132324
2021-05-30 17:23:27.473368 [b56c8b5f]   parent_job_id: 58142d6e-4ebe-4aed-b088-29264465bf53
2021-05-30 17:23:27.473389 [b56c8b5f]   prepare_time: 0.021114110946655273
2021-05-30 17:23:27.473394 [b56c8b5f]   scope: epoch
2021-05-30 17:23:27.473400 [b56c8b5f]   size: 2221
2021-05-30 17:23:27.473406 [b56c8b5f]   split: train
2021-05-30 17:23:27.473412 [b56c8b5f]   timestamp: 1622391807.4665332
2021-05-30 17:23:27.473417 [b56c8b5f]   type: KvsAll
2021-05-30 17:23:27.474027 [b56c8b5f] Finished epoch 2.
2021-05-30 17:23:27.474446 [b56c8b5f] Saving checkpoint to /home/jwentz/kge/local/experiments/20210530-171434-wordcraft-search-ax/00007/checkpoint_00002.pt...
2021-05-30 17:23:27.492697 [b56c8b5f] Removing old checkpoint /home/jwentz/kge/local/experiments/20210530-171434-wordcraft-search-ax/00007/checkpoint_00001.pt...
2021-05-30 17:23:27.493979 [b56c8b5f] Starting epoch 3...
2021-05-30 17:23:27.874256 [b56c8b5f] avg_cost: 2.9805335437108247
2021-05-30 17:23:27.874265 [b56c8b5f] avg_loss: 2.9805335437108247
2021-05-30 17:23:27.874268 [b56c8b5f] avg_penalties: {}
2021-05-30 17:23:27.874271 [b56c8b5f] avg_penalty: 0.0
2021-05-30 17:23:27.874273 [b56c8b5f] backward_time: 0.03463029861450195
2021-05-30 17:23:27.874276 [b56c8b5f] batches: 23
2021-05-30 17:23:27.874278 [b56c8b5f] entry_id: 6e3dcabe-9255-4e2f-b891-820d124785e7
2021-05-30 17:23:27.874281 [b56c8b5f] epoch: 3
2021-05-30 17:23:27.874283 [b56c8b5f] epoch_time: 0.3760554790496826
2021-05-30 17:23:27.874286 [b56c8b5f] event: epoch_completed
2021-05-30 17:23:27.874288 [b56c8b5f] forward_time: 0.03399348258972168
2021-05-30 17:23:27.874291 [b56c8b5f] job: train
2021-05-30 17:23:27.874293 [b56c8b5f] job_id: b56c8b5f-3230-4f56-89c8-fa4f5de7c182
2021-05-30 17:23:27.874295 [b56c8b5f] lr:
2021-05-30 17:23:27.874298 [b56c8b5f] - 0.2022897507995367
2021-05-30 17:23:27.874301 [b56c8b5f] num_parameters: 140400
2021-05-30 17:23:27.874303 [b56c8b5f] optimizer_time: 0.005513429641723633
2021-05-30 17:23:27.874305 [b56c8b5f] other_time: 0.2803933620452881
2021-05-30 17:23:27.874308 [b56c8b5f] parent_job_id: 58142d6e-4ebe-4aed-b088-29264465bf53
2021-05-30 17:23:27.874310 [b56c8b5f] prepare_time: 0.021524906158447266
2021-05-30 17:23:27.874313 [b56c8b5f] scope: epoch
2021-05-30 17:23:27.874315 [b56c8b5f] size: 2221
2021-05-30 17:23:27.874317 [b56c8b5f] split: train
2021-05-30 17:23:27.874320 [b56c8b5f] timestamp: 1622391807.8705425
2021-05-30 17:23:27.874322 [b56c8b5f] type: KvsAll
2021-05-30 17:23:27.877820 [b56c8b5f]   avg_cost: 2.9805335437108247
2021-05-30 17:23:27.877832 [b56c8b5f]   avg_loss: 2.9805335437108247
2021-05-30 17:23:27.877839 [b56c8b5f]   avg_penalties: {}
2021-05-30 17:23:27.877845 [b56c8b5f]   avg_penalty: 0.0
2021-05-30 17:23:27.877851 [b56c8b5f]   backward_time: 0.03463029861450195
2021-05-30 17:23:27.877857 [b56c8b5f]   batches: 23
2021-05-30 17:23:27.877863 [b56c8b5f]   entry_id: 6e3dcabe-9255-4e2f-b891-820d124785e7
2021-05-30 17:23:27.877869 [b56c8b5f]   epoch: 3
2021-05-30 17:23:27.877875 [b56c8b5f]   epoch_time: 0.3760554790496826
2021-05-30 17:23:27.877881 [b56c8b5f]   event: epoch_completed
2021-05-30 17:23:27.877887 [b56c8b5f]   forward_time: 0.03399348258972168
2021-05-30 17:23:27.877902 [b56c8b5f]   job: train
2021-05-30 17:23:27.877908 [b56c8b5f]   job_id: b56c8b5f-3230-4f56-89c8-fa4f5de7c182
2021-05-30 17:23:27.877914 [b56c8b5f]   lr:
2021-05-30 17:23:27.877920 [b56c8b5f]   - 0.2022897507995367
2021-05-30 17:23:27.877926 [b56c8b5f]   num_parameters: 140400
2021-05-30 17:23:27.877932 [b56c8b5f]   optimizer_time: 0.005513429641723633
2021-05-30 17:23:27.877938 [b56c8b5f]   other_time: 0.2803933620452881
2021-05-30 17:23:27.877944 [b56c8b5f]   parent_job_id: 58142d6e-4ebe-4aed-b088-29264465bf53
2021-05-30 17:23:27.877950 [b56c8b5f]   prepare_time: 0.021524906158447266
2021-05-30 17:23:27.877956 [b56c8b5f]   scope: epoch
2021-05-30 17:23:27.877962 [b56c8b5f]   size: 2221
2021-05-30 17:23:27.877968 [b56c8b5f]   split: train
2021-05-30 17:23:27.877989 [b56c8b5f]   timestamp: 1622391807.8705425
2021-05-30 17:23:27.877995 [b56c8b5f]   type: KvsAll
2021-05-30 17:23:27.880868 [b56c8b5f] Finished epoch 3.
2021-05-30 17:23:27.881497 [b56c8b5f] Saving checkpoint to /home/jwentz/kge/local/experiments/20210530-171434-wordcraft-search-ax/00007/checkpoint_00003.pt...
2021-05-30 17:23:27.907124 [b56c8b5f] Removing old checkpoint /home/jwentz/kge/local/experiments/20210530-171434-wordcraft-search-ax/00007/checkpoint_00002.pt...
2021-05-30 17:23:27.908340 [b56c8b5f] Starting epoch 4...
2021-05-30 17:23:28.390369 [b56c8b5f] avg_cost: 2.3841844608202973
2021-05-30 17:23:28.390380 [b56c8b5f] avg_loss: 2.3841844608202973
2021-05-30 17:23:28.390383 [b56c8b5f] avg_penalties: {}
2021-05-30 17:23:28.390387 [b56c8b5f] avg_penalty: 0.0
2021-05-30 17:23:28.390390 [b56c8b5f] backward_time: 0.023980140686035156
2021-05-30 17:23:28.390393 [b56c8b5f] batches: 23
2021-05-30 17:23:28.390396 [b56c8b5f] entry_id: e1f8c7d5-9d08-4f59-b2ed-9dd2fd319aac
2021-05-30 17:23:28.390399 [b56c8b5f] epoch: 4
2021-05-30 17:23:28.390401 [b56c8b5f] epoch_time: 0.47711896896362305
2021-05-30 17:23:28.390404 [b56c8b5f] event: epoch_completed
2021-05-30 17:23:28.390407 [b56c8b5f] forward_time: 0.04047966003417969
2021-05-30 17:23:28.390410 [b56c8b5f] job: train
2021-05-30 17:23:28.390413 [b56c8b5f] job_id: b56c8b5f-3230-4f56-89c8-fa4f5de7c182
2021-05-30 17:23:28.390416 [b56c8b5f] lr:
2021-05-30 17:23:28.390419 [b56c8b5f] - 0.2022897507995367
2021-05-30 17:23:28.390422 [b56c8b5f] num_parameters: 140400
2021-05-30 17:23:28.390425 [b56c8b5f] optimizer_time: 0.006829977035522461
2021-05-30 17:23:28.390428 [b56c8b5f] other_time: 0.3792405128479004
2021-05-30 17:23:28.390431 [b56c8b5f] parent_job_id: 58142d6e-4ebe-4aed-b088-29264465bf53
2021-05-30 17:23:28.390433 [b56c8b5f] prepare_time: 0.02658867835998535
2021-05-30 17:23:28.390436 [b56c8b5f] scope: epoch
2021-05-30 17:23:28.390439 [b56c8b5f] size: 2221
2021-05-30 17:23:28.390442 [b56c8b5f] split: train
2021-05-30 17:23:28.390445 [b56c8b5f] timestamp: 1622391808.3859906
2021-05-30 17:23:28.390448 [b56c8b5f] type: KvsAll
2021-05-30 17:23:28.393680 [b56c8b5f]   avg_cost: 2.3841844608202973
2021-05-30 17:23:28.393695 [b56c8b5f]   avg_loss: 2.3841844608202973
2021-05-30 17:23:28.393704 [b56c8b5f]   avg_penalties: {}
2021-05-30 17:23:28.393711 [b56c8b5f]   avg_penalty: 0.0
2021-05-30 17:23:28.393718 [b56c8b5f]   backward_time: 0.023980140686035156
2021-05-30 17:23:28.393725 [b56c8b5f]   batches: 23
2021-05-30 17:23:28.393732 [b56c8b5f]   entry_id: e1f8c7d5-9d08-4f59-b2ed-9dd2fd319aac
2021-05-30 17:23:28.393740 [b56c8b5f]   epoch: 4
2021-05-30 17:23:28.393747 [b56c8b5f]   epoch_time: 0.47711896896362305
2021-05-30 17:23:28.393754 [b56c8b5f]   event: epoch_completed
2021-05-30 17:23:28.393761 [b56c8b5f]   forward_time: 0.04047966003417969
2021-05-30 17:23:28.393768 [b56c8b5f]   job: train
2021-05-30 17:23:28.393775 [b56c8b5f]   job_id: b56c8b5f-3230-4f56-89c8-fa4f5de7c182
2021-05-30 17:23:28.393783 [b56c8b5f]   lr:
2021-05-30 17:23:28.393790 [b56c8b5f]   - 0.2022897507995367
2021-05-30 17:23:28.393797 [b56c8b5f]   num_parameters: 140400
2021-05-30 17:23:28.393804 [b56c8b5f]   optimizer_time: 0.006829977035522461
2021-05-30 17:23:28.393812 [b56c8b5f]   other_time: 0.3792405128479004
2021-05-30 17:23:28.393819 [b56c8b5f]   parent_job_id: 58142d6e-4ebe-4aed-b088-29264465bf53
2021-05-30 17:23:28.393826 [b56c8b5f]   prepare_time: 0.02658867835998535
2021-05-30 17:23:28.393833 [b56c8b5f]   scope: epoch
2021-05-30 17:23:28.393840 [b56c8b5f]   size: 2221
2021-05-30 17:23:28.393847 [b56c8b5f]   split: train
2021-05-30 17:23:28.393855 [b56c8b5f]   timestamp: 1622391808.3859906
2021-05-30 17:23:28.393862 [b56c8b5f]   type: KvsAll
2021-05-30 17:23:28.394548 [b56c8b5f] Finished epoch 4.
2021-05-30 17:23:28.395020 [b56c8b5f] Saving checkpoint to /home/jwentz/kge/local/experiments/20210530-171434-wordcraft-search-ax/00007/checkpoint_00004.pt...
2021-05-30 17:23:28.415818 [b56c8b5f] Removing old checkpoint /home/jwentz/kge/local/experiments/20210530-171434-wordcraft-search-ax/00007/checkpoint_00003.pt...
2021-05-30 17:23:28.417170 [b56c8b5f] Starting epoch 5...
2021-05-30 17:23:28.838865 [b56c8b5f] avg_cost: 1.9511383669916331
2021-05-30 17:23:28.838874 [b56c8b5f] avg_loss: 1.9511383669916331
2021-05-30 17:23:28.838877 [b56c8b5f] avg_penalties: {}
2021-05-30 17:23:28.838879 [b56c8b5f] avg_penalty: 0.0
2021-05-30 17:23:28.838882 [b56c8b5f] backward_time: 0.021342039108276367
2021-05-30 17:23:28.838884 [b56c8b5f] batches: 23
2021-05-30 17:23:28.838886 [b56c8b5f] entry_id: 92d9d40f-b407-4f5f-b65e-5f331bb72d46
2021-05-30 17:23:28.838889 [b56c8b5f] epoch: 5
2021-05-30 17:23:28.838891 [b56c8b5f] epoch_time: 0.41745543479919434
2021-05-30 17:23:28.838893 [b56c8b5f] event: epoch_completed
2021-05-30 17:23:28.838896 [b56c8b5f] forward_time: 0.0360414981842041
2021-05-30 17:23:28.838898 [b56c8b5f] job: train
2021-05-30 17:23:28.838900 [b56c8b5f] job_id: b56c8b5f-3230-4f56-89c8-fa4f5de7c182
2021-05-30 17:23:28.838903 [b56c8b5f] lr:
2021-05-30 17:23:28.838905 [b56c8b5f] - 0.2022897507995367
2021-05-30 17:23:28.838907 [b56c8b5f] num_parameters: 140400
2021-05-30 17:23:28.838910 [b56c8b5f] optimizer_time: 0.006092548370361328
2021-05-30 17:23:28.838912 [b56c8b5f] other_time: 0.3301701545715332
2021-05-30 17:23:28.838914 [b56c8b5f] parent_job_id: 58142d6e-4ebe-4aed-b088-29264465bf53
2021-05-30 17:23:28.838917 [b56c8b5f] prepare_time: 0.023809194564819336
2021-05-30 17:23:28.838919 [b56c8b5f] scope: epoch
2021-05-30 17:23:28.838921 [b56c8b5f] size: 2221
2021-05-30 17:23:28.838923 [b56c8b5f] split: train
2021-05-30 17:23:28.838926 [b56c8b5f] timestamp: 1622391808.8350902
2021-05-30 17:23:28.838928 [b56c8b5f] type: KvsAll
2021-05-30 17:23:28.841654 [b56c8b5f]   avg_cost: 1.9511383669916331
2021-05-30 17:23:28.841666 [b56c8b5f]   avg_loss: 1.9511383669916331
2021-05-30 17:23:28.841672 [b56c8b5f]   avg_penalties: {}
2021-05-30 17:23:28.841678 [b56c8b5f]   avg_penalty: 0.0
2021-05-30 17:23:28.841684 [b56c8b5f]   backward_time: 0.021342039108276367
2021-05-30 17:23:28.841689 [b56c8b5f]   batches: 23
2021-05-30 17:23:28.841695 [b56c8b5f]   entry_id: 92d9d40f-b407-4f5f-b65e-5f331bb72d46
2021-05-30 17:23:28.841701 [b56c8b5f]   epoch: 5
2021-05-30 17:23:28.841722 [b56c8b5f]   epoch_time: 0.41745543479919434
2021-05-30 17:23:28.841728 [b56c8b5f]   event: epoch_completed
2021-05-30 17:23:28.841733 [b56c8b5f]   forward_time: 0.0360414981842041
2021-05-30 17:23:28.841739 [b56c8b5f]   job: train
2021-05-30 17:23:28.841745 [b56c8b5f]   job_id: b56c8b5f-3230-4f56-89c8-fa4f5de7c182
2021-05-30 17:23:28.841750 [b56c8b5f]   lr:
2021-05-30 17:23:28.841756 [b56c8b5f]   - 0.2022897507995367
2021-05-30 17:23:28.841762 [b56c8b5f]   num_parameters: 140400
2021-05-30 17:23:28.841767 [b56c8b5f]   optimizer_time: 0.006092548370361328
2021-05-30 17:23:28.841773 [b56c8b5f]   other_time: 0.3301701545715332
2021-05-30 17:23:28.841779 [b56c8b5f]   parent_job_id: 58142d6e-4ebe-4aed-b088-29264465bf53
2021-05-30 17:23:28.841785 [b56c8b5f]   prepare_time: 0.023809194564819336
2021-05-30 17:23:28.841791 [b56c8b5f]   scope: epoch
2021-05-30 17:23:28.841797 [b56c8b5f]   size: 2221
2021-05-30 17:23:28.841802 [b56c8b5f]   split: train
2021-05-30 17:23:28.841809 [b56c8b5f]   timestamp: 1622391808.8350902
2021-05-30 17:23:28.841814 [b56c8b5f]   type: KvsAll
2021-05-30 17:23:28.842253 [b56c8b5f] Finished epoch 5.
2021-05-30 17:23:28.842888 [16dcab44] Evaluating on valid data (epoch 5)...
2021-05-30 17:23:28.977250 [16dcab44] batches: 11
2021-05-30 17:23:28.977259 [16dcab44] entry_id: ec6dd447-dd4b-4fbc-978d-9fb4e09b8b64
2021-05-30 17:23:28.977262 [16dcab44] epoch: 5
2021-05-30 17:23:28.977265 [16dcab44] epoch_time: 0.12601900100708008
2021-05-30 17:23:28.977267 [16dcab44] event: eval_completed
2021-05-30 17:23:28.977270 [16dcab44] filter_splits:
2021-05-30 17:23:28.977272 [16dcab44] - train
2021-05-30 17:23:28.977275 [16dcab44] - valid
2021-05-30 17:23:28.977277 [16dcab44] hits_at_1: 0.02044790652385589
2021-05-30 17:23:28.977280 [16dcab44] hits_at_10: 0.1665043816942551
2021-05-30 17:23:28.977282 [16dcab44] hits_at_100: 0.46689386562804286
2021-05-30 17:23:28.977285 [16dcab44] hits_at_100_filtered: 0.504381694255112
2021-05-30 17:23:28.977288 [16dcab44] hits_at_100_filtered_with_test: 0.5077896786757546
2021-05-30 17:23:28.977290 [16dcab44] hits_at_10_filtered: 0.24196689386562806
2021-05-30 17:23:28.977293 [16dcab44] hits_at_10_filtered_with_test: 0.2468354430379747
2021-05-30 17:23:28.977295 [16dcab44] hits_at_1_filtered: 0.1056475170399221
2021-05-30 17:23:28.977298 [16dcab44] hits_at_1_filtered_with_test: 0.1207400194741967
2021-05-30 17:23:28.977301 [16dcab44] hits_at_200: 0.6080817916260954
2021-05-30 17:23:28.977303 [16dcab44] hits_at_200_filtered: 0.634858812074002
2021-05-30 17:23:28.977306 [16dcab44] hits_at_200_filtered_with_test: 0.6358325219084713
2021-05-30 17:23:28.977309 [16dcab44] hits_at_3: 0.06134371957156767
2021-05-30 17:23:28.977311 [16dcab44] hits_at_300: 0.7020447906523856
2021-05-30 17:23:28.977314 [16dcab44] hits_at_300_filtered: 0.7205452775073028
2021-05-30 17:23:28.977316 [16dcab44] hits_at_300_filtered_with_test: 0.7215189873417722
2021-05-30 17:23:28.977319 [16dcab44] hits_at_3_filtered: 0.17088607594936708
2021-05-30 17:23:28.977321 [16dcab44] hits_at_3_filtered_with_test: 0.17283349561830574
2021-05-30 17:23:28.977324 [16dcab44] hits_at_400: 0.7862706913339825
2021-05-30 17:23:28.977326 [16dcab44] hits_at_400_filtered: 0.801363193768257
2021-05-30 17:23:28.977329 [16dcab44] hits_at_400_filtered_with_test: 0.8023369036027265
2021-05-30 17:23:28.977331 [16dcab44] hits_at_50: 0.3422590068159689
2021-05-30 17:23:28.977334 [16dcab44] hits_at_500: 0.8622200584225901
2021-05-30 17:23:28.977337 [16dcab44] hits_at_500_filtered: 0.879746835443038
2021-05-30 17:23:28.977354 [16dcab44] hits_at_500_filtered_with_test: 0.8807205452775073
2021-05-30 17:23:28.977356 [16dcab44] hits_at_50_filtered: 0.39629990262901654
2021-05-30 17:23:28.977359 [16dcab44] hits_at_50_filtered_with_test: 0.39824732229795523
2021-05-30 17:23:28.977376 [16dcab44] job: eval
2021-05-30 17:23:28.977379 [16dcab44] job_id: 16dcab44-2ba3-41b1-a574-c71dd4f7039a
2021-05-30 17:23:28.977381 [16dcab44] mean_rank: 203.39094449853943
2021-05-30 17:23:28.977384 [16dcab44] mean_rank_filtered: 186.935735150925
2021-05-30 17:23:28.977386 [16dcab44] mean_rank_filtered_with_test: 185.6854917234664
2021-05-30 17:23:28.977388 [16dcab44] mean_reciprocal_rank: 0.0675985230443076
2021-05-30 17:23:28.977390 [16dcab44] mean_reciprocal_rank_filtered: 0.15613990493967564
2021-05-30 17:23:28.977393 [16dcab44] mean_reciprocal_rank_filtered_with_test: 0.16606685411848832
2021-05-30 17:23:28.977395 [16dcab44] num_parameters: 140400
2021-05-30 17:23:28.977397 [16dcab44] parent_job_id: b56c8b5f-3230-4f56-89c8-fa4f5de7c182
2021-05-30 17:23:28.977400 [16dcab44] scope: epoch
2021-05-30 17:23:28.977402 [16dcab44] size: 1027
2021-05-30 17:23:28.977404 [16dcab44] split: valid
2021-05-30 17:23:28.977406 [16dcab44] timestamp: 1622391808.9693627
2021-05-30 17:23:28.977409 [16dcab44] type: entity_ranking
2021-05-30 17:23:28.982196 [16dcab44]   batches: 11
2021-05-30 17:23:28.982208 [16dcab44]   entry_id: ec6dd447-dd4b-4fbc-978d-9fb4e09b8b64
2021-05-30 17:23:28.982216 [16dcab44]   epoch: 5
2021-05-30 17:23:28.982222 [16dcab44]   epoch_time: 0.12601900100708008
2021-05-30 17:23:28.982229 [16dcab44]   event: eval_completed
2021-05-30 17:23:28.982236 [16dcab44]   filter_splits:
2021-05-30 17:23:28.982242 [16dcab44]   - train
2021-05-30 17:23:28.982248 [16dcab44]   - valid
2021-05-30 17:23:28.982255 [16dcab44]   hits_at_1: 0.02044790652385589
2021-05-30 17:23:28.982265 [16dcab44]   hits_at_10: 0.1665043816942551
2021-05-30 17:23:28.982272 [16dcab44]   hits_at_100: 0.46689386562804286
2021-05-30 17:23:28.982278 [16dcab44]   hits_at_100_filtered: 0.504381694255112
2021-05-30 17:23:28.982284 [16dcab44]   hits_at_100_filtered_with_test: 0.5077896786757546
2021-05-30 17:23:28.982291 [16dcab44]   hits_at_10_filtered: 0.24196689386562806
2021-05-30 17:23:28.982297 [16dcab44]   hits_at_10_filtered_with_test: 0.2468354430379747
2021-05-30 17:23:28.982303 [16dcab44]   hits_at_1_filtered: 0.1056475170399221
2021-05-30 17:23:28.982310 [16dcab44]   hits_at_1_filtered_with_test: 0.1207400194741967
2021-05-30 17:23:28.982316 [16dcab44]   hits_at_200: 0.6080817916260954
2021-05-30 17:23:28.982323 [16dcab44]   hits_at_200_filtered: 0.634858812074002
2021-05-30 17:23:28.982329 [16dcab44]   hits_at_200_filtered_with_test: 0.6358325219084713
2021-05-30 17:23:28.982336 [16dcab44]   hits_at_3: 0.06134371957156767
2021-05-30 17:23:28.982342 [16dcab44]   hits_at_300: 0.7020447906523856
2021-05-30 17:23:28.982348 [16dcab44]   hits_at_300_filtered: 0.7205452775073028
2021-05-30 17:23:28.982355 [16dcab44]   hits_at_300_filtered_with_test: 0.7215189873417722
2021-05-30 17:23:28.982361 [16dcab44]   hits_at_3_filtered: 0.17088607594936708
2021-05-30 17:23:28.982367 [16dcab44]   hits_at_3_filtered_with_test: 0.17283349561830574
2021-05-30 17:23:28.982374 [16dcab44]   hits_at_400: 0.7862706913339825
2021-05-30 17:23:28.982395 [16dcab44]   hits_at_400_filtered: 0.801363193768257
2021-05-30 17:23:28.982415 [16dcab44]   hits_at_400_filtered_with_test: 0.8023369036027265
2021-05-30 17:23:28.982436 [16dcab44]   hits_at_50: 0.3422590068159689
2021-05-30 17:23:28.982441 [16dcab44]   hits_at_500: 0.8622200584225901
2021-05-30 17:23:28.982461 [16dcab44]   hits_at_500_filtered: 0.879746835443038
2021-05-30 17:23:28.982467 [16dcab44]   hits_at_500_filtered_with_test: 0.8807205452775073
2021-05-30 17:23:28.982475 [16dcab44]   hits_at_50_filtered: 0.39629990262901654
2021-05-30 17:23:28.982480 [16dcab44]   hits_at_50_filtered_with_test: 0.39824732229795523
2021-05-30 17:23:28.982486 [16dcab44]   job: eval
2021-05-30 17:23:28.982492 [16dcab44]   job_id: 16dcab44-2ba3-41b1-a574-c71dd4f7039a
2021-05-30 17:23:28.982497 [16dcab44]   mean_rank: 203.39094449853943
2021-05-30 17:23:28.982503 [16dcab44]   mean_rank_filtered: 186.935735150925
2021-05-30 17:23:28.982508 [16dcab44]   mean_rank_filtered_with_test: 185.6854917234664
2021-05-30 17:23:28.982513 [16dcab44]   mean_reciprocal_rank: 0.0675985230443076
2021-05-30 17:23:28.982519 [16dcab44]   mean_reciprocal_rank_filtered: 0.15613990493967564
2021-05-30 17:23:28.982524 [16dcab44]   mean_reciprocal_rank_filtered_with_test: 0.16606685411848832
2021-05-30 17:23:28.982529 [16dcab44]   num_parameters: 140400
2021-05-30 17:23:28.982535 [16dcab44]   parent_job_id: b56c8b5f-3230-4f56-89c8-fa4f5de7c182
2021-05-30 17:23:28.982541 [16dcab44]   scope: epoch
2021-05-30 17:23:28.982547 [16dcab44]   size: 1027
2021-05-30 17:23:28.982553 [16dcab44]   split: valid
2021-05-30 17:23:28.982558 [16dcab44]   timestamp: 1622391808.9693627
2021-05-30 17:23:28.982563 [16dcab44]   type: entity_ranking
2021-05-30 17:23:28.983116 [16dcab44] Finished evaluating on valid split.
2021-05-30 17:23:28.989338 [b56c8b5f] Saving checkpoint to /home/jwentz/kge/local/experiments/20210530-171434-wordcraft-search-ax/00007/checkpoint_00005.pt...
2021-05-30 17:23:29.015283 [b56c8b5f] Removing old checkpoint /home/jwentz/kge/local/experiments/20210530-171434-wordcraft-search-ax/00007/checkpoint_00004.pt...
2021-05-30 17:23:29.016283 [b56c8b5f] Saving checkpoint to /home/jwentz/kge/local/experiments/20210530-171434-wordcraft-search-ax/00007/checkpoint_best.pt...
2021-05-30 17:23:29.026419 [b56c8b5f] Starting epoch 6...
2021-05-30 17:23:29.397512 [b56c8b5f] avg_cost: 1.6485235908717413
2021-05-30 17:23:29.397521 [b56c8b5f] avg_loss: 1.6485235908717413
2021-05-30 17:23:29.397524 [b56c8b5f] avg_penalties: {}
2021-05-30 17:23:29.397526 [b56c8b5f] avg_penalty: 0.0
2021-05-30 17:23:29.397529 [b56c8b5f] backward_time: 0.018830060958862305
2021-05-30 17:23:29.397531 [b56c8b5f] batches: 23
2021-05-30 17:23:29.397534 [b56c8b5f] entry_id: 27b0e44c-48c8-466f-83ed-d977d4806da8
2021-05-30 17:23:29.397536 [b56c8b5f] epoch: 6
2021-05-30 17:23:29.397538 [b56c8b5f] epoch_time: 0.3669929504394531
2021-05-30 17:23:29.397541 [b56c8b5f] event: epoch_completed
2021-05-30 17:23:29.397543 [b56c8b5f] forward_time: 0.03278183937072754
2021-05-30 17:23:29.397545 [b56c8b5f] job: train
2021-05-30 17:23:29.397548 [b56c8b5f] job_id: b56c8b5f-3230-4f56-89c8-fa4f5de7c182
2021-05-30 17:23:29.397550 [b56c8b5f] lr:
2021-05-30 17:23:29.397552 [b56c8b5f] - 0.2022897507995367
2021-05-30 17:23:29.397555 [b56c8b5f] num_parameters: 140400
2021-05-30 17:23:29.397557 [b56c8b5f] optimizer_time: 0.005494832992553711
2021-05-30 17:23:29.397559 [b56c8b5f] other_time: 0.2883472442626953
2021-05-30 17:23:29.397561 [b56c8b5f] parent_job_id: 58142d6e-4ebe-4aed-b088-29264465bf53
2021-05-30 17:23:29.397564 [b56c8b5f] prepare_time: 0.021538972854614258
2021-05-30 17:23:29.397566 [b56c8b5f] scope: epoch
2021-05-30 17:23:29.397568 [b56c8b5f] size: 2221
2021-05-30 17:23:29.397571 [b56c8b5f] split: train
2021-05-30 17:23:29.397573 [b56c8b5f] timestamp: 1622391809.3938553
2021-05-30 17:23:29.397575 [b56c8b5f] type: KvsAll
2021-05-30 17:23:29.400225 [b56c8b5f]   avg_cost: 1.6485235908717413
2021-05-30 17:23:29.400238 [b56c8b5f]   avg_loss: 1.6485235908717413
2021-05-30 17:23:29.400245 [b56c8b5f]   avg_penalties: {}
2021-05-30 17:23:29.400251 [b56c8b5f]   avg_penalty: 0.0
2021-05-30 17:23:29.400257 [b56c8b5f]   backward_time: 0.018830060958862305
2021-05-30 17:23:29.400263 [b56c8b5f]   batches: 23
2021-05-30 17:23:29.400269 [b56c8b5f]   entry_id: 27b0e44c-48c8-466f-83ed-d977d4806da8
2021-05-30 17:23:29.400275 [b56c8b5f]   epoch: 6
2021-05-30 17:23:29.400281 [b56c8b5f]   epoch_time: 0.3669929504394531
2021-05-30 17:23:29.400287 [b56c8b5f]   event: epoch_completed
2021-05-30 17:23:29.400293 [b56c8b5f]   forward_time: 0.03278183937072754
2021-05-30 17:23:29.400299 [b56c8b5f]   job: train
2021-05-30 17:23:29.400305 [b56c8b5f]   job_id: b56c8b5f-3230-4f56-89c8-fa4f5de7c182
2021-05-30 17:23:29.400325 [b56c8b5f]   lr:
2021-05-30 17:23:29.400331 [b56c8b5f]   - 0.2022897507995367
2021-05-30 17:23:29.400340 [b56c8b5f]   num_parameters: 140400
2021-05-30 17:23:29.400346 [b56c8b5f]   optimizer_time: 0.005494832992553711
2021-05-30 17:23:29.400352 [b56c8b5f]   other_time: 0.2883472442626953
2021-05-30 17:23:29.400358 [b56c8b5f]   parent_job_id: 58142d6e-4ebe-4aed-b088-29264465bf53
2021-05-30 17:23:29.400378 [b56c8b5f]   prepare_time: 0.021538972854614258
2021-05-30 17:23:29.400384 [b56c8b5f]   scope: epoch
2021-05-30 17:23:29.400390 [b56c8b5f]   size: 2221
2021-05-30 17:23:29.400395 [b56c8b5f]   split: train
2021-05-30 17:23:29.400401 [b56c8b5f]   timestamp: 1622391809.3938553
2021-05-30 17:23:29.400406 [b56c8b5f]   type: KvsAll
2021-05-30 17:23:29.400902 [b56c8b5f] Finished epoch 6.
2021-05-30 17:23:29.401327 [b56c8b5f] Saving checkpoint to /home/jwentz/kge/local/experiments/20210530-171434-wordcraft-search-ax/00007/checkpoint_00006.pt...
2021-05-30 17:23:29.422127 [b56c8b5f] Starting epoch 7...
2021-05-30 17:23:29.788772 [b56c8b5f] avg_cost: 1.4016599816440838
2021-05-30 17:23:29.788781 [b56c8b5f] avg_loss: 1.4016599816440838
2021-05-30 17:23:29.788784 [b56c8b5f] avg_penalties: {}
2021-05-30 17:23:29.788786 [b56c8b5f] avg_penalty: 0.0
2021-05-30 17:23:29.788788 [b56c8b5f] backward_time: 0.0185391902923584
2021-05-30 17:23:29.788791 [b56c8b5f] batches: 23
2021-05-30 17:23:29.788793 [b56c8b5f] entry_id: 5f6979e7-d90f-421b-9084-6fb5af9333b5
2021-05-30 17:23:29.788795 [b56c8b5f] epoch: 7
2021-05-30 17:23:29.788797 [b56c8b5f] epoch_time: 0.36223602294921875
2021-05-30 17:23:29.788800 [b56c8b5f] event: epoch_completed
2021-05-30 17:23:29.788802 [b56c8b5f] forward_time: 0.03207588195800781
2021-05-30 17:23:29.788804 [b56c8b5f] job: train
2021-05-30 17:23:29.788807 [b56c8b5f] job_id: b56c8b5f-3230-4f56-89c8-fa4f5de7c182
2021-05-30 17:23:29.788809 [b56c8b5f] lr:
2021-05-30 17:23:29.788811 [b56c8b5f] - 0.2022897507995367
2021-05-30 17:23:29.788813 [b56c8b5f] num_parameters: 140400
2021-05-30 17:23:29.788816 [b56c8b5f] optimizer_time: 0.005453586578369141
2021-05-30 17:23:29.788818 [b56c8b5f] other_time: 0.28488969802856445
2021-05-30 17:23:29.788820 [b56c8b5f] parent_job_id: 58142d6e-4ebe-4aed-b088-29264465bf53
2021-05-30 17:23:29.788822 [b56c8b5f] prepare_time: 0.021277666091918945
2021-05-30 17:23:29.788824 [b56c8b5f] scope: epoch
2021-05-30 17:23:29.788827 [b56c8b5f] size: 2221
2021-05-30 17:23:29.788829 [b56c8b5f] split: train
2021-05-30 17:23:29.788831 [b56c8b5f] timestamp: 1622391809.7848597
2021-05-30 17:23:29.788833 [b56c8b5f] type: KvsAll
2021-05-30 17:23:29.792023 [b56c8b5f]   avg_cost: 1.4016599816440838
2021-05-30 17:23:29.792035 [b56c8b5f]   avg_loss: 1.4016599816440838
2021-05-30 17:23:29.792045 [b56c8b5f]   avg_penalties: {}
2021-05-30 17:23:29.792067 [b56c8b5f]   avg_penalty: 0.0
2021-05-30 17:23:29.792073 [b56c8b5f]   backward_time: 0.0185391902923584
2021-05-30 17:23:29.792079 [b56c8b5f]   batches: 23
2021-05-30 17:23:29.792085 [b56c8b5f]   entry_id: 5f6979e7-d90f-421b-9084-6fb5af9333b5
2021-05-30 17:23:29.792091 [b56c8b5f]   epoch: 7
2021-05-30 17:23:29.792097 [b56c8b5f]   epoch_time: 0.36223602294921875
2021-05-30 17:23:29.792103 [b56c8b5f]   event: epoch_completed
2021-05-30 17:23:29.792109 [b56c8b5f]   forward_time: 0.03207588195800781
2021-05-30 17:23:29.792114 [b56c8b5f]   job: train
2021-05-30 17:23:29.792121 [b56c8b5f]   job_id: b56c8b5f-3230-4f56-89c8-fa4f5de7c182
2021-05-30 17:23:29.792127 [b56c8b5f]   lr:
2021-05-30 17:23:29.792133 [b56c8b5f]   - 0.2022897507995367
2021-05-30 17:23:29.792139 [b56c8b5f]   num_parameters: 140400
2021-05-30 17:23:29.792145 [b56c8b5f]   optimizer_time: 0.005453586578369141
2021-05-30 17:23:29.792151 [b56c8b5f]   other_time: 0.28488969802856445
2021-05-30 17:23:29.792156 [b56c8b5f]   parent_job_id: 58142d6e-4ebe-4aed-b088-29264465bf53
2021-05-30 17:23:29.792177 [b56c8b5f]   prepare_time: 0.021277666091918945
2021-05-30 17:23:29.792182 [b56c8b5f]   scope: epoch
2021-05-30 17:23:29.792188 [b56c8b5f]   size: 2221
2021-05-30 17:23:29.792194 [b56c8b5f]   split: train
2021-05-30 17:23:29.792200 [b56c8b5f]   timestamp: 1622391809.7848597
2021-05-30 17:23:29.792206 [b56c8b5f]   type: KvsAll
2021-05-30 17:23:29.792733 [b56c8b5f] Finished epoch 7.
2021-05-30 17:23:29.793241 [b56c8b5f] Saving checkpoint to /home/jwentz/kge/local/experiments/20210530-171434-wordcraft-search-ax/00007/checkpoint_00007.pt...
2021-05-30 17:23:29.816381 [b56c8b5f] Removing old checkpoint /home/jwentz/kge/local/experiments/20210530-171434-wordcraft-search-ax/00007/checkpoint_00006.pt...
2021-05-30 17:23:29.817495 [b56c8b5f] Starting epoch 8...
2021-05-30 17:23:30.195279 [b56c8b5f] avg_cost: 1.2293737867510786
2021-05-30 17:23:30.195288 [b56c8b5f] avg_loss: 1.2293737867510786
2021-05-30 17:23:30.195291 [b56c8b5f] avg_penalties: {}
2021-05-30 17:23:30.195293 [b56c8b5f] avg_penalty: 0.0
2021-05-30 17:23:30.195296 [b56c8b5f] backward_time: 0.01927495002746582
2021-05-30 17:23:30.195299 [b56c8b5f] batches: 23
2021-05-30 17:23:30.195301 [b56c8b5f] entry_id: 25730a4f-8b26-4f27-b01a-cebe671b4989
2021-05-30 17:23:30.195304 [b56c8b5f] epoch: 8
2021-05-30 17:23:30.195306 [b56c8b5f] epoch_time: 0.3736605644226074
2021-05-30 17:23:30.195309 [b56c8b5f] event: epoch_completed
2021-05-30 17:23:30.195311 [b56c8b5f] forward_time: 0.0325932502746582
2021-05-30 17:23:30.195314 [b56c8b5f] job: train
2021-05-30 17:23:30.195316 [b56c8b5f] job_id: b56c8b5f-3230-4f56-89c8-fa4f5de7c182
2021-05-30 17:23:30.195319 [b56c8b5f] lr:
2021-05-30 17:23:30.195321 [b56c8b5f] - 0.2022897507995367
2021-05-30 17:23:30.195323 [b56c8b5f] num_parameters: 140400
2021-05-30 17:23:30.195326 [b56c8b5f] optimizer_time: 0.005669832229614258
2021-05-30 17:23:30.195328 [b56c8b5f] other_time: 0.29442262649536133
2021-05-30 17:23:30.195331 [b56c8b5f] parent_job_id: 58142d6e-4ebe-4aed-b088-29264465bf53
2021-05-30 17:23:30.195333 [b56c8b5f] prepare_time: 0.021699905395507812
2021-05-30 17:23:30.195336 [b56c8b5f] scope: epoch
2021-05-30 17:23:30.195338 [b56c8b5f] size: 2221
2021-05-30 17:23:30.195340 [b56c8b5f] split: train
2021-05-30 17:23:30.195343 [b56c8b5f] timestamp: 1622391810.1917405
2021-05-30 17:23:30.195345 [b56c8b5f] type: KvsAll
2021-05-30 17:23:30.198147 [b56c8b5f]   avg_cost: 1.2293737867510786
2021-05-30 17:23:30.198160 [b56c8b5f]   avg_loss: 1.2293737867510786
2021-05-30 17:23:30.198167 [b56c8b5f]   avg_penalties: {}
2021-05-30 17:23:30.198173 [b56c8b5f]   avg_penalty: 0.0
2021-05-30 17:23:30.198179 [b56c8b5f]   backward_time: 0.01927495002746582
2021-05-30 17:23:30.198185 [b56c8b5f]   batches: 23
2021-05-30 17:23:30.198192 [b56c8b5f]   entry_id: 25730a4f-8b26-4f27-b01a-cebe671b4989
2021-05-30 17:23:30.198198 [b56c8b5f]   epoch: 8
2021-05-30 17:23:30.198204 [b56c8b5f]   epoch_time: 0.3736605644226074
2021-05-30 17:23:30.198210 [b56c8b5f]   event: epoch_completed
2021-05-30 17:23:30.198216 [b56c8b5f]   forward_time: 0.0325932502746582
2021-05-30 17:23:30.198222 [b56c8b5f]   job: train
2021-05-30 17:23:30.198228 [b56c8b5f]   job_id: b56c8b5f-3230-4f56-89c8-fa4f5de7c182
2021-05-30 17:23:30.198235 [b56c8b5f]   lr:
2021-05-30 17:23:30.198241 [b56c8b5f]   - 0.2022897507995367
2021-05-30 17:23:30.198247 [b56c8b5f]   num_parameters: 140400
2021-05-30 17:23:30.198253 [b56c8b5f]   optimizer_time: 0.005669832229614258
2021-05-30 17:23:30.198260 [b56c8b5f]   other_time: 0.29442262649536133
2021-05-30 17:23:30.198266 [b56c8b5f]   parent_job_id: 58142d6e-4ebe-4aed-b088-29264465bf53
2021-05-30 17:23:30.198272 [b56c8b5f]   prepare_time: 0.021699905395507812
2021-05-30 17:23:30.198278 [b56c8b5f]   scope: epoch
2021-05-30 17:23:30.198285 [b56c8b5f]   size: 2221
2021-05-30 17:23:30.198291 [b56c8b5f]   split: train
2021-05-30 17:23:30.198297 [b56c8b5f]   timestamp: 1622391810.1917405
2021-05-30 17:23:30.198318 [b56c8b5f]   type: KvsAll
2021-05-30 17:23:30.198728 [b56c8b5f] Finished epoch 8.
2021-05-30 17:23:30.199159 [b56c8b5f] Saving checkpoint to /home/jwentz/kge/local/experiments/20210530-171434-wordcraft-search-ax/00007/checkpoint_00008.pt...
2021-05-30 17:23:30.214852 [b56c8b5f] Removing old checkpoint /home/jwentz/kge/local/experiments/20210530-171434-wordcraft-search-ax/00007/checkpoint_00007.pt...
2021-05-30 17:23:30.216001 [b56c8b5f] Starting epoch 9...
2021-05-30 17:23:30.585567 [b56c8b5f] avg_cost: 1.1135333559229694
2021-05-30 17:23:30.585575 [b56c8b5f] avg_loss: 1.1135333559229694
2021-05-30 17:23:30.585578 [b56c8b5f] avg_penalties: {}
2021-05-30 17:23:30.585580 [b56c8b5f] avg_penalty: 0.0
2021-05-30 17:23:30.585582 [b56c8b5f] backward_time: 0.01913905143737793
2021-05-30 17:23:30.585584 [b56c8b5f] batches: 23
2021-05-30 17:23:30.585587 [b56c8b5f] entry_id: b28d971e-3254-4f3e-a85a-608ab9124e9a
2021-05-30 17:23:30.585589 [b56c8b5f] epoch: 9
2021-05-30 17:23:30.585591 [b56c8b5f] epoch_time: 0.36528730392456055
2021-05-30 17:23:30.585593 [b56c8b5f] event: epoch_completed
2021-05-30 17:23:30.585596 [b56c8b5f] forward_time: 0.03199148178100586
2021-05-30 17:23:30.585598 [b56c8b5f] job: train
2021-05-30 17:23:30.585600 [b56c8b5f] job_id: b56c8b5f-3230-4f56-89c8-fa4f5de7c182
2021-05-30 17:23:30.585602 [b56c8b5f] lr:
2021-05-30 17:23:30.585604 [b56c8b5f] - 0.2022897507995367
2021-05-30 17:23:30.585607 [b56c8b5f] num_parameters: 140400
2021-05-30 17:23:30.585609 [b56c8b5f] optimizer_time: 0.0054929256439208984
2021-05-30 17:23:30.585611 [b56c8b5f] other_time: 0.28719139099121094
2021-05-30 17:23:30.585613 [b56c8b5f] parent_job_id: 58142d6e-4ebe-4aed-b088-29264465bf53
2021-05-30 17:23:30.585616 [b56c8b5f] prepare_time: 0.021472454071044922
2021-05-30 17:23:30.585618 [b56c8b5f] scope: epoch
2021-05-30 17:23:30.585620 [b56c8b5f] size: 2221
2021-05-30 17:23:30.585622 [b56c8b5f] split: train
2021-05-30 17:23:30.585624 [b56c8b5f] timestamp: 1622391810.5818274
2021-05-30 17:23:30.585627 [b56c8b5f] type: KvsAll
2021-05-30 17:23:30.588426 [b56c8b5f]   avg_cost: 1.1135333559229694
2021-05-30 17:23:30.588437 [b56c8b5f]   avg_loss: 1.1135333559229694
2021-05-30 17:23:30.588443 [b56c8b5f]   avg_penalties: {}
2021-05-30 17:23:30.588448 [b56c8b5f]   avg_penalty: 0.0
2021-05-30 17:23:30.588454 [b56c8b5f]   backward_time: 0.01913905143737793
2021-05-30 17:23:30.588459 [b56c8b5f]   batches: 23
2021-05-30 17:23:30.588465 [b56c8b5f]   entry_id: b28d971e-3254-4f3e-a85a-608ab9124e9a
2021-05-30 17:23:30.588470 [b56c8b5f]   epoch: 9
2021-05-30 17:23:30.588475 [b56c8b5f]   epoch_time: 0.36528730392456055
2021-05-30 17:23:30.588481 [b56c8b5f]   event: epoch_completed
2021-05-30 17:23:30.588486 [b56c8b5f]   forward_time: 0.03199148178100586
2021-05-30 17:23:30.588492 [b56c8b5f]   job: train
2021-05-30 17:23:30.588497 [b56c8b5f]   job_id: b56c8b5f-3230-4f56-89c8-fa4f5de7c182
2021-05-30 17:23:30.588503 [b56c8b5f]   lr:
2021-05-30 17:23:30.588508 [b56c8b5f]   - 0.2022897507995367
2021-05-30 17:23:30.588514 [b56c8b5f]   num_parameters: 140400
2021-05-30 17:23:30.588519 [b56c8b5f]   optimizer_time: 0.0054929256439208984
2021-05-30 17:23:30.588525 [b56c8b5f]   other_time: 0.28719139099121094
2021-05-30 17:23:30.588530 [b56c8b5f]   parent_job_id: 58142d6e-4ebe-4aed-b088-29264465bf53
2021-05-30 17:23:30.588535 [b56c8b5f]   prepare_time: 0.021472454071044922
2021-05-30 17:23:30.588541 [b56c8b5f]   scope: epoch
2021-05-30 17:23:30.588546 [b56c8b5f]   size: 2221
2021-05-30 17:23:30.588552 [b56c8b5f]   split: train
