2021-05-30 17:18:25.307118 [ae5108cc] Initializing 1-to-N training job...
2021-05-30 17:18:25.412430 [ae5108cc] Saving checkpoint to /home/jwentz/kge/local/experiments/20210530-171434-wordcraft-search-ax/00005/checkpoint_00000.pt...
2021-05-30 17:18:25.421714 [ae5108cc] Starting training...
2021-05-30 17:18:25.422148 [ae5108cc] Starting epoch 1...
2021-05-30 17:18:25.453865 [ae5108cc] CUDA memory after first batch: allocated=     2,533,888 reserved=   708,837,376 max_allocated=   258,084,352
2021-05-30 17:18:25.967141 [ae5108cc] avg_cost: 23.46051562181307
2021-05-30 17:18:25.967152 [ae5108cc] avg_loss: 23.46051562181307
2021-05-30 17:18:25.967155 [ae5108cc] avg_penalties: {}
2021-05-30 17:18:25.967158 [ae5108cc] avg_penalty: 0.0
2021-05-30 17:18:25.967161 [ae5108cc] backward_time: 0.04246091842651367
2021-05-30 17:18:25.967164 [ae5108cc] batches: 23
2021-05-30 17:18:25.967167 [ae5108cc] entry_id: 1ddbb71e-a49d-4921-8f4a-20dd4e33571b
2021-05-30 17:18:25.967170 [ae5108cc] epoch: 1
2021-05-30 17:18:25.967173 [ae5108cc] epoch_time: 0.5400748252868652
2021-05-30 17:18:25.967176 [ae5108cc] event: epoch_completed
2021-05-30 17:18:25.967179 [ae5108cc] forward_time: 0.1061248779296875
2021-05-30 17:18:25.967182 [ae5108cc] job: train
2021-05-30 17:18:25.967184 [ae5108cc] job_id: ae5108cc-6628-4507-b748-a715f7c84795
2021-05-30 17:18:25.967187 [ae5108cc] lr:
2021-05-30 17:18:25.967190 [ae5108cc] - 0.534976446069777
2021-05-30 17:18:25.967193 [ae5108cc] num_parameters: 210600
2021-05-30 17:18:25.967196 [ae5108cc] optimizer_time: 0.00655364990234375
2021-05-30 17:18:25.967199 [ae5108cc] other_time: 0.359844446182251
2021-05-30 17:18:25.967202 [ae5108cc] parent_job_id: 58142d6e-4ebe-4aed-b088-29264465bf53
2021-05-30 17:18:25.967204 [ae5108cc] prepare_time: 0.025090932846069336
2021-05-30 17:18:25.967207 [ae5108cc] scope: epoch
2021-05-30 17:18:25.967210 [ae5108cc] size: 2221
2021-05-30 17:18:25.967213 [ae5108cc] split: train
2021-05-30 17:18:25.967216 [ae5108cc] timestamp: 1622391505.9626827
2021-05-30 17:18:25.967219 [ae5108cc] type: KvsAll
2021-05-30 17:18:25.970299 [ae5108cc]   avg_cost: 23.46051562181307
2021-05-30 17:18:25.970320 [ae5108cc]   avg_loss: 23.46051562181307
2021-05-30 17:18:25.970328 [ae5108cc]   avg_penalties: {}
2021-05-30 17:18:25.970336 [ae5108cc]   avg_penalty: 0.0
2021-05-30 17:18:25.970343 [ae5108cc]   backward_time: 0.04246091842651367
2021-05-30 17:18:25.970350 [ae5108cc]   batches: 23
2021-05-30 17:18:25.970358 [ae5108cc]   entry_id: 1ddbb71e-a49d-4921-8f4a-20dd4e33571b
2021-05-30 17:18:25.970365 [ae5108cc]   epoch: 1
2021-05-30 17:18:25.970372 [ae5108cc]   epoch_time: 0.5400748252868652
2021-05-30 17:18:25.970379 [ae5108cc]   event: epoch_completed
2021-05-30 17:18:25.970387 [ae5108cc]   forward_time: 0.1061248779296875
2021-05-30 17:18:25.970394 [ae5108cc]   job: train
2021-05-30 17:18:25.970401 [ae5108cc]   job_id: ae5108cc-6628-4507-b748-a715f7c84795
2021-05-30 17:18:25.970409 [ae5108cc]   lr:
2021-05-30 17:18:25.970416 [ae5108cc]   - 0.534976446069777
2021-05-30 17:18:25.970423 [ae5108cc]   num_parameters: 210600
2021-05-30 17:18:25.970430 [ae5108cc]   optimizer_time: 0.00655364990234375
2021-05-30 17:18:25.970437 [ae5108cc]   other_time: 0.359844446182251
2021-05-30 17:18:25.970445 [ae5108cc]   parent_job_id: 58142d6e-4ebe-4aed-b088-29264465bf53
2021-05-30 17:18:25.970452 [ae5108cc]   prepare_time: 0.025090932846069336
2021-05-30 17:18:25.970459 [ae5108cc]   scope: epoch
2021-05-30 17:18:25.970466 [ae5108cc]   size: 2221
2021-05-30 17:18:25.970473 [ae5108cc]   split: train
2021-05-30 17:18:25.970480 [ae5108cc]   timestamp: 1622391505.9626827
2021-05-30 17:18:25.970488 [ae5108cc]   type: KvsAll
2021-05-30 17:18:25.971236 [ae5108cc] Finished epoch 1.
2021-05-30 17:18:25.971747 [ae5108cc] Saving checkpoint to /home/jwentz/kge/local/experiments/20210530-171434-wordcraft-search-ax/00005/checkpoint_00001.pt...
2021-05-30 17:18:26.000947 [ae5108cc] Starting epoch 2...
2021-05-30 17:18:26.493183 [ae5108cc] avg_cost: 7.273907541638288
2021-05-30 17:18:26.493196 [ae5108cc] avg_loss: 7.273907541638288
2021-05-30 17:18:26.493200 [ae5108cc] avg_penalties: {}
2021-05-30 17:18:26.493202 [ae5108cc] avg_penalty: 0.0
2021-05-30 17:18:26.493205 [ae5108cc] backward_time: 0.044231414794921875
2021-05-30 17:18:26.493207 [ae5108cc] batches: 23
2021-05-30 17:18:26.493210 [ae5108cc] entry_id: 1e75da18-412c-4a88-b319-31b0f33d25b1
2021-05-30 17:18:26.493212 [ae5108cc] epoch: 2
2021-05-30 17:18:26.493215 [ae5108cc] epoch_time: 0.4876823425292969
2021-05-30 17:18:26.493217 [ae5108cc] event: epoch_completed
2021-05-30 17:18:26.493220 [ae5108cc] forward_time: 0.10392999649047852
2021-05-30 17:18:26.493222 [ae5108cc] job: train
2021-05-30 17:18:26.493225 [ae5108cc] job_id: ae5108cc-6628-4507-b748-a715f7c84795
2021-05-30 17:18:26.493227 [ae5108cc] lr:
2021-05-30 17:18:26.493229 [ae5108cc] - 0.534976446069777
2021-05-30 17:18:26.493232 [ae5108cc] num_parameters: 210600
2021-05-30 17:18:26.493234 [ae5108cc] optimizer_time: 0.005867719650268555
2021-05-30 17:18:26.493237 [ae5108cc] other_time: 0.31093668937683105
2021-05-30 17:18:26.493239 [ae5108cc] parent_job_id: 58142d6e-4ebe-4aed-b088-29264465bf53
2021-05-30 17:18:26.493242 [ae5108cc] prepare_time: 0.022716522216796875
2021-05-30 17:18:26.493244 [ae5108cc] scope: epoch
2021-05-30 17:18:26.493247 [ae5108cc] size: 2221
2021-05-30 17:18:26.493249 [ae5108cc] split: train
2021-05-30 17:18:26.493251 [ae5108cc] timestamp: 1622391506.489102
2021-05-30 17:18:26.493268 [ae5108cc] type: KvsAll
2021-05-30 17:18:26.496286 [ae5108cc]   avg_cost: 7.273907541638288
2021-05-30 17:18:26.496299 [ae5108cc]   avg_loss: 7.273907541638288
2021-05-30 17:18:26.496306 [ae5108cc]   avg_penalties: {}
2021-05-30 17:18:26.496313 [ae5108cc]   avg_penalty: 0.0
2021-05-30 17:18:26.496319 [ae5108cc]   backward_time: 0.044231414794921875
2021-05-30 17:18:26.496325 [ae5108cc]   batches: 23
2021-05-30 17:18:26.496346 [ae5108cc]   entry_id: 1e75da18-412c-4a88-b319-31b0f33d25b1
2021-05-30 17:18:26.496353 [ae5108cc]   epoch: 2
2021-05-30 17:18:26.496373 [ae5108cc]   epoch_time: 0.4876823425292969
2021-05-30 17:18:26.496379 [ae5108cc]   event: epoch_completed
2021-05-30 17:18:26.496385 [ae5108cc]   forward_time: 0.10392999649047852
2021-05-30 17:18:26.496391 [ae5108cc]   job: train
2021-05-30 17:18:26.496397 [ae5108cc]   job_id: ae5108cc-6628-4507-b748-a715f7c84795
2021-05-30 17:18:26.496403 [ae5108cc]   lr:
2021-05-30 17:18:26.496408 [ae5108cc]   - 0.534976446069777
2021-05-30 17:18:26.496429 [ae5108cc]   num_parameters: 210600
2021-05-30 17:18:26.496434 [ae5108cc]   optimizer_time: 0.005867719650268555
2021-05-30 17:18:26.496440 [ae5108cc]   other_time: 0.31093668937683105
2021-05-30 17:18:26.496446 [ae5108cc]   parent_job_id: 58142d6e-4ebe-4aed-b088-29264465bf53
2021-05-30 17:18:26.496451 [ae5108cc]   prepare_time: 0.022716522216796875
2021-05-30 17:18:26.496457 [ae5108cc]   scope: epoch
2021-05-30 17:18:26.496462 [ae5108cc]   size: 2221
2021-05-30 17:18:26.496468 [ae5108cc]   split: train
2021-05-30 17:18:26.496473 [ae5108cc]   timestamp: 1622391506.489102
2021-05-30 17:18:26.496479 [ae5108cc]   type: KvsAll
2021-05-30 17:18:26.497131 [ae5108cc] Finished epoch 2.
2021-05-30 17:18:26.497558 [ae5108cc] Saving checkpoint to /home/jwentz/kge/local/experiments/20210530-171434-wordcraft-search-ax/00005/checkpoint_00002.pt...
2021-05-30 17:18:26.526801 [ae5108cc] Removing old checkpoint /home/jwentz/kge/local/experiments/20210530-171434-wordcraft-search-ax/00005/checkpoint_00001.pt...
2021-05-30 17:18:26.528337 [ae5108cc] Starting epoch 3...
2021-05-30 17:18:27.001177 [ae5108cc] avg_cost: 5.775255612884755
2021-05-30 17:18:27.001187 [ae5108cc] avg_loss: 5.775255612884755
2021-05-30 17:18:27.001191 [ae5108cc] avg_penalties: {}
2021-05-30 17:18:27.001193 [ae5108cc] avg_penalty: 0.0
2021-05-30 17:18:27.001196 [ae5108cc] backward_time: 0.04407095909118652
2021-05-30 17:18:27.001199 [ae5108cc] batches: 23
2021-05-30 17:18:27.001215 [ae5108cc] entry_id: 18551d7f-06c1-40f0-848d-f775ea1d350d
2021-05-30 17:18:27.001218 [ae5108cc] epoch: 3
2021-05-30 17:18:27.001220 [ae5108cc] epoch_time: 0.4682657718658447
2021-05-30 17:18:27.001222 [ae5108cc] event: epoch_completed
2021-05-30 17:18:27.001225 [ae5108cc] forward_time: 0.10347962379455566
2021-05-30 17:18:27.001227 [ae5108cc] job: train
2021-05-30 17:18:27.001230 [ae5108cc] job_id: ae5108cc-6628-4507-b748-a715f7c84795
2021-05-30 17:18:27.001232 [ae5108cc] lr:
2021-05-30 17:18:27.001235 [ae5108cc] - 0.534976446069777
2021-05-30 17:18:27.001237 [ae5108cc] num_parameters: 210600
2021-05-30 17:18:27.001240 [ae5108cc] optimizer_time: 0.005644559860229492
2021-05-30 17:18:27.001242 [ae5108cc] other_time: 0.2934863567352295
2021-05-30 17:18:27.001244 [ae5108cc] parent_job_id: 58142d6e-4ebe-4aed-b088-29264465bf53
2021-05-30 17:18:27.001247 [ae5108cc] prepare_time: 0.021584272384643555
2021-05-30 17:18:27.001249 [ae5108cc] scope: epoch
2021-05-30 17:18:27.001252 [ae5108cc] size: 2221
2021-05-30 17:18:27.001254 [ae5108cc] split: train
2021-05-30 17:18:27.001256 [ae5108cc] timestamp: 1622391506.9972456
2021-05-30 17:18:27.001259 [ae5108cc] type: KvsAll
2021-05-30 17:18:27.004023 [ae5108cc]   avg_cost: 5.775255612884755
2021-05-30 17:18:27.004036 [ae5108cc]   avg_loss: 5.775255612884755
2021-05-30 17:18:27.004062 [ae5108cc]   avg_penalties: {}
2021-05-30 17:18:27.004084 [ae5108cc]   avg_penalty: 0.0
2021-05-30 17:18:27.004091 [ae5108cc]   backward_time: 0.04407095909118652
2021-05-30 17:18:27.004097 [ae5108cc]   batches: 23
2021-05-30 17:18:27.004102 [ae5108cc]   entry_id: 18551d7f-06c1-40f0-848d-f775ea1d350d
2021-05-30 17:18:27.004108 [ae5108cc]   epoch: 3
2021-05-30 17:18:27.004114 [ae5108cc]   epoch_time: 0.4682657718658447
2021-05-30 17:18:27.004120 [ae5108cc]   event: epoch_completed
2021-05-30 17:18:27.004126 [ae5108cc]   forward_time: 0.10347962379455566
2021-05-30 17:18:27.004132 [ae5108cc]   job: train
2021-05-30 17:18:27.004138 [ae5108cc]   job_id: ae5108cc-6628-4507-b748-a715f7c84795
2021-05-30 17:18:27.004144 [ae5108cc]   lr:
2021-05-30 17:18:27.004149 [ae5108cc]   - 0.534976446069777
2021-05-30 17:18:27.004155 [ae5108cc]   num_parameters: 210600
2021-05-30 17:18:27.004161 [ae5108cc]   optimizer_time: 0.005644559860229492
2021-05-30 17:18:27.004167 [ae5108cc]   other_time: 0.2934863567352295
2021-05-30 17:18:27.004188 [ae5108cc]   parent_job_id: 58142d6e-4ebe-4aed-b088-29264465bf53
2021-05-30 17:18:27.004193 [ae5108cc]   prepare_time: 0.021584272384643555
2021-05-30 17:18:27.004199 [ae5108cc]   scope: epoch
2021-05-30 17:18:27.004205 [ae5108cc]   size: 2221
2021-05-30 17:18:27.004210 [ae5108cc]   split: train
2021-05-30 17:18:27.004216 [ae5108cc]   timestamp: 1622391506.9972456
2021-05-30 17:18:27.004222 [ae5108cc]   type: KvsAll
2021-05-30 17:18:27.004838 [ae5108cc] Finished epoch 3.
2021-05-30 17:18:27.005548 [ae5108cc] Saving checkpoint to /home/jwentz/kge/local/experiments/20210530-171434-wordcraft-search-ax/00005/checkpoint_00003.pt...
2021-05-30 17:18:27.019674 [ae5108cc] Removing old checkpoint /home/jwentz/kge/local/experiments/20210530-171434-wordcraft-search-ax/00005/checkpoint_00002.pt...
2021-05-30 17:18:27.020740 [ae5108cc] Starting epoch 4...
2021-05-30 17:18:27.489486 [ae5108cc] avg_cost: 5.630101601318538
2021-05-30 17:18:27.489495 [ae5108cc] avg_loss: 5.630101601318538
2021-05-30 17:18:27.489498 [ae5108cc] avg_penalties: {}
2021-05-30 17:18:27.489501 [ae5108cc] avg_penalty: 0.0
2021-05-30 17:18:27.489503 [ae5108cc] backward_time: 0.027196407318115234
2021-05-30 17:18:27.489506 [ae5108cc] batches: 23
2021-05-30 17:18:27.489508 [ae5108cc] entry_id: df528106-c671-4b52-9495-f3647991f3c8
2021-05-30 17:18:27.489510 [ae5108cc] epoch: 4
2021-05-30 17:18:27.489513 [ae5108cc] epoch_time: 0.4644339084625244
2021-05-30 17:18:27.489515 [ae5108cc] event: epoch_completed
2021-05-30 17:18:27.489517 [ae5108cc] forward_time: 0.11063861846923828
2021-05-30 17:18:27.489520 [ae5108cc] job: train
2021-05-30 17:18:27.489522 [ae5108cc] job_id: ae5108cc-6628-4507-b748-a715f7c84795
2021-05-30 17:18:27.489524 [ae5108cc] lr:
2021-05-30 17:18:27.489527 [ae5108cc] - 0.534976446069777
2021-05-30 17:18:27.489529 [ae5108cc] num_parameters: 210600
2021-05-30 17:18:27.489531 [ae5108cc] optimizer_time: 0.005582332611083984
2021-05-30 17:18:27.489534 [ae5108cc] other_time: 0.2987656593322754
2021-05-30 17:18:27.489536 [ae5108cc] parent_job_id: 58142d6e-4ebe-4aed-b088-29264465bf53
2021-05-30 17:18:27.489538 [ae5108cc] prepare_time: 0.022250890731811523
2021-05-30 17:18:27.489540 [ae5108cc] scope: epoch
2021-05-30 17:18:27.489543 [ae5108cc] size: 2221
2021-05-30 17:18:27.489545 [ae5108cc] split: train
2021-05-30 17:18:27.489547 [ae5108cc] timestamp: 1622391507.485663
2021-05-30 17:18:27.489549 [ae5108cc] type: KvsAll
2021-05-30 17:18:27.492219 [ae5108cc]   avg_cost: 5.630101601318538
2021-05-30 17:18:27.492232 [ae5108cc]   avg_loss: 5.630101601318538
2021-05-30 17:18:27.492240 [ae5108cc]   avg_penalties: {}
2021-05-30 17:18:27.492247 [ae5108cc]   avg_penalty: 0.0
2021-05-30 17:18:27.492253 [ae5108cc]   backward_time: 0.027196407318115234
2021-05-30 17:18:27.492260 [ae5108cc]   batches: 23
2021-05-30 17:18:27.492267 [ae5108cc]   entry_id: df528106-c671-4b52-9495-f3647991f3c8
2021-05-30 17:18:27.492273 [ae5108cc]   epoch: 4
2021-05-30 17:18:27.492280 [ae5108cc]   epoch_time: 0.4644339084625244
2021-05-30 17:18:27.492286 [ae5108cc]   event: epoch_completed
2021-05-30 17:18:27.492293 [ae5108cc]   forward_time: 0.11063861846923828
2021-05-30 17:18:27.492299 [ae5108cc]   job: train
2021-05-30 17:18:27.492306 [ae5108cc]   job_id: ae5108cc-6628-4507-b748-a715f7c84795
2021-05-30 17:18:27.492313 [ae5108cc]   lr:
2021-05-30 17:18:27.492320 [ae5108cc]   - 0.534976446069777
2021-05-30 17:18:27.492326 [ae5108cc]   num_parameters: 210600
2021-05-30 17:18:27.492333 [ae5108cc]   optimizer_time: 0.005582332611083984
2021-05-30 17:18:27.492340 [ae5108cc]   other_time: 0.2987656593322754
2021-05-30 17:18:27.492346 [ae5108cc]   parent_job_id: 58142d6e-4ebe-4aed-b088-29264465bf53
2021-05-30 17:18:27.492353 [ae5108cc]   prepare_time: 0.022250890731811523
2021-05-30 17:18:27.492359 [ae5108cc]   scope: epoch
2021-05-30 17:18:27.492381 [ae5108cc]   size: 2221
2021-05-30 17:18:27.492387 [ae5108cc]   split: train
2021-05-30 17:18:27.492408 [ae5108cc]   timestamp: 1622391507.485663
2021-05-30 17:18:27.492429 [ae5108cc]   type: KvsAll
2021-05-30 17:18:27.492931 [ae5108cc] Finished epoch 4.
2021-05-30 17:18:27.493527 [ae5108cc] Saving checkpoint to /home/jwentz/kge/local/experiments/20210530-171434-wordcraft-search-ax/00005/checkpoint_00004.pt...
2021-05-30 17:18:27.512628 [ae5108cc] Removing old checkpoint /home/jwentz/kge/local/experiments/20210530-171434-wordcraft-search-ax/00005/checkpoint_00003.pt...
2021-05-30 17:18:27.513766 [ae5108cc] Starting epoch 5...
2021-05-30 17:18:27.971088 [ae5108cc] avg_cost: 5.614922754402796
2021-05-30 17:18:27.971097 [ae5108cc] avg_loss: 5.614922754402796
2021-05-30 17:18:27.971100 [ae5108cc] avg_penalties: {}
2021-05-30 17:18:27.971103 [ae5108cc] avg_penalty: 0.0
2021-05-30 17:18:27.971105 [ae5108cc] backward_time: 0.04001355171203613
2021-05-30 17:18:27.971108 [ae5108cc] batches: 23
2021-05-30 17:18:27.971110 [ae5108cc] entry_id: d9601dbd-1a99-4bb9-a65c-0beed891f04b
2021-05-30 17:18:27.971113 [ae5108cc] epoch: 5
2021-05-30 17:18:27.971115 [ae5108cc] epoch_time: 0.4533853530883789
2021-05-30 17:18:27.971118 [ae5108cc] event: epoch_completed
2021-05-30 17:18:27.971120 [ae5108cc] forward_time: 0.10572624206542969
2021-05-30 17:18:27.971122 [ae5108cc] job: train
2021-05-30 17:18:27.971125 [ae5108cc] job_id: ae5108cc-6628-4507-b748-a715f7c84795
2021-05-30 17:18:27.971127 [ae5108cc] lr:
2021-05-30 17:18:27.971130 [ae5108cc] - 0.534976446069777
2021-05-30 17:18:27.971132 [ae5108cc] num_parameters: 210600
2021-05-30 17:18:27.971134 [ae5108cc] optimizer_time: 0.005421876907348633
2021-05-30 17:18:27.971137 [ae5108cc] other_time: 0.2810041904449463
2021-05-30 17:18:27.971139 [ae5108cc] parent_job_id: 58142d6e-4ebe-4aed-b088-29264465bf53
2021-05-30 17:18:27.971141 [ae5108cc] prepare_time: 0.021219491958618164
2021-05-30 17:18:27.971144 [ae5108cc] scope: epoch
2021-05-30 17:18:27.971146 [ae5108cc] size: 2221
2021-05-30 17:18:27.971148 [ae5108cc] split: train
2021-05-30 17:18:27.971151 [ae5108cc] timestamp: 1622391507.9676132
2021-05-30 17:18:27.971153 [ae5108cc] type: KvsAll
2021-05-30 17:18:27.973936 [ae5108cc]   avg_cost: 5.614922754402796
2021-05-30 17:18:27.973948 [ae5108cc]   avg_loss: 5.614922754402796
2021-05-30 17:18:27.973955 [ae5108cc]   avg_penalties: {}
2021-05-30 17:18:27.973961 [ae5108cc]   avg_penalty: 0.0
2021-05-30 17:18:27.973970 [ae5108cc]   backward_time: 0.04001355171203613
2021-05-30 17:18:27.973976 [ae5108cc]   batches: 23
2021-05-30 17:18:27.973982 [ae5108cc]   entry_id: d9601dbd-1a99-4bb9-a65c-0beed891f04b
2021-05-30 17:18:27.973987 [ae5108cc]   epoch: 5
2021-05-30 17:18:27.973993 [ae5108cc]   epoch_time: 0.4533853530883789
2021-05-30 17:18:27.973999 [ae5108cc]   event: epoch_completed
2021-05-30 17:18:27.974005 [ae5108cc]   forward_time: 0.10572624206542969
2021-05-30 17:18:27.974010 [ae5108cc]   job: train
2021-05-30 17:18:27.974016 [ae5108cc]   job_id: ae5108cc-6628-4507-b748-a715f7c84795
2021-05-30 17:18:27.974022 [ae5108cc]   lr:
2021-05-30 17:18:27.974028 [ae5108cc]   - 0.534976446069777
2021-05-30 17:18:27.974033 [ae5108cc]   num_parameters: 210600
2021-05-30 17:18:27.974039 [ae5108cc]   optimizer_time: 0.005421876907348633
2021-05-30 17:18:27.974065 [ae5108cc]   other_time: 0.2810041904449463
2021-05-30 17:18:27.974072 [ae5108cc]   parent_job_id: 58142d6e-4ebe-4aed-b088-29264465bf53
2021-05-30 17:18:27.974091 [ae5108cc]   prepare_time: 0.021219491958618164
2021-05-30 17:18:27.974112 [ae5108cc]   scope: epoch
2021-05-30 17:18:27.974117 [ae5108cc]   size: 2221
2021-05-30 17:18:27.974123 [ae5108cc]   split: train
2021-05-30 17:18:27.974128 [ae5108cc]   timestamp: 1622391507.9676132
2021-05-30 17:18:27.974134 [ae5108cc]   type: KvsAll
2021-05-30 17:18:27.974777 [ae5108cc] Finished epoch 5.
2021-05-30 17:18:27.976353 [ca4aaffe] Evaluating on valid data (epoch 5)...
2021-05-30 17:18:28.160933 [ca4aaffe] batches: 11
2021-05-30 17:18:28.160942 [ca4aaffe] entry_id: 94152b2e-77e0-4f6a-a347-d2b74adb752b
2021-05-30 17:18:28.160945 [ca4aaffe] epoch: 5
2021-05-30 17:18:28.160947 [ca4aaffe] epoch_time: 0.1762862205505371
2021-05-30 17:18:28.160949 [ca4aaffe] event: eval_completed
2021-05-30 17:18:28.160952 [ca4aaffe] filter_splits:
2021-05-30 17:18:28.160954 [ca4aaffe] - train
2021-05-30 17:18:28.160957 [ca4aaffe] - valid
2021-05-30 17:18:28.160959 [ca4aaffe] hits_at_1: 0.004381694255111977
2021-05-30 17:18:28.160961 [ca4aaffe] hits_at_10: 0.02482960077896787
2021-05-30 17:18:28.160964 [ca4aaffe] hits_at_100: 0.19425511197663098
2021-05-30 17:18:28.160966 [ca4aaffe] hits_at_100_filtered: 0.19863680623174296
2021-05-30 17:18:28.160968 [ca4aaffe] hits_at_100_filtered_with_test: 0.19912366114897762
2021-05-30 17:18:28.160971 [ca4aaffe] hits_at_10_filtered: 0.0311587147030185
2021-05-30 17:18:28.160973 [ca4aaffe] hits_at_10_filtered_with_test: 0.0311587147030185
2021-05-30 17:18:28.160975 [ca4aaffe] hits_at_1_filtered: 0.004868549172346641
2021-05-30 17:18:28.160978 [ca4aaffe] hits_at_1_filtered_with_test: 0.004868549172346641
2021-05-30 17:18:28.160980 [ca4aaffe] hits_at_200: 0.27896786757546255
2021-05-30 17:18:28.160982 [ca4aaffe] hits_at_200_filtered: 0.28773125608568645
2021-05-30 17:18:28.160985 [ca4aaffe] hits_at_200_filtered_with_test: 0.2887049659201558
2021-05-30 17:18:28.160987 [ca4aaffe] hits_at_3: 0.011684518013631937
2021-05-30 17:18:28.160989 [ca4aaffe] hits_at_300: 0.3524829600778968
2021-05-30 17:18:28.160992 [ca4aaffe] hits_at_300_filtered: 0.35978578383641674
2021-05-30 17:18:28.160994 [ca4aaffe] hits_at_300_filtered_with_test: 0.36124634858812077
2021-05-30 17:18:28.160997 [ca4aaffe] hits_at_3_filtered: 0.012658227848101266
2021-05-30 17:18:28.160999 [ca4aaffe] hits_at_3_filtered_with_test: 0.01314508276533593
2021-05-30 17:18:28.161001 [ca4aaffe] hits_at_400: 0.42356377799415773
2021-05-30 17:18:28.161003 [ca4aaffe] hits_at_400_filtered: 0.4342745861733204
2021-05-30 17:18:28.161006 [ca4aaffe] hits_at_400_filtered_with_test: 0.4352482960077897
2021-05-30 17:18:28.161008 [ca4aaffe] hits_at_50: 0.12658227848101267
2021-05-30 17:18:28.161010 [ca4aaffe] hits_at_500: 0.5316455696202532
2021-05-30 17:18:28.161012 [ca4aaffe] hits_at_500_filtered: 0.5501460564751705
2021-05-30 17:18:28.161017 [ca4aaffe] hits_at_500_filtered_with_test: 0.5525803310613437
2021-05-30 17:18:28.161020 [ca4aaffe] hits_at_50_filtered: 0.13339824732229796
2021-05-30 17:18:28.161022 [ca4aaffe] hits_at_50_filtered_with_test: 0.13339824732229796
2021-05-30 17:18:28.161025 [ca4aaffe] job: eval
2021-05-30 17:18:28.161027 [ca4aaffe] job_id: ca4aaffe-ad04-4a6c-8898-5fcbe2afb586
2021-05-30 17:18:28.161030 [ca4aaffe] mean_rank: 402.54722492697175
2021-05-30 17:18:28.161032 [ca4aaffe] mean_rank_filtered: 390.38607594936707
2021-05-30 17:18:28.161034 [ca4aaffe] mean_rank_filtered_with_test: 389.13096397273614
2021-05-30 17:18:28.161037 [ca4aaffe] mean_reciprocal_rank: 0.01707095969849227
2021-05-30 17:18:28.161039 [ca4aaffe] mean_reciprocal_rank_filtered: 0.018660180408511213
2021-05-30 17:18:28.161047 [ca4aaffe] mean_reciprocal_rank_filtered_with_test: 0.018860719452350027
2021-05-30 17:18:28.161065 [ca4aaffe] num_parameters: 210600
2021-05-30 17:18:28.161067 [ca4aaffe] parent_job_id: ae5108cc-6628-4507-b748-a715f7c84795
2021-05-30 17:18:28.161070 [ca4aaffe] scope: epoch
2021-05-30 17:18:28.161072 [ca4aaffe] size: 1027
2021-05-30 17:18:28.161090 [ca4aaffe] split: valid
2021-05-30 17:18:28.161094 [ca4aaffe] timestamp: 1622391508.1532812
2021-05-30 17:18:28.161099 [ca4aaffe] type: entity_ranking
2021-05-30 17:18:28.165792 [ca4aaffe]   batches: 11
2021-05-30 17:18:28.165804 [ca4aaffe]   entry_id: 94152b2e-77e0-4f6a-a347-d2b74adb752b
2021-05-30 17:18:28.165810 [ca4aaffe]   epoch: 5
2021-05-30 17:18:28.165815 [ca4aaffe]   epoch_time: 0.1762862205505371
2021-05-30 17:18:28.165821 [ca4aaffe]   event: eval_completed
2021-05-30 17:18:28.165826 [ca4aaffe]   filter_splits:
2021-05-30 17:18:28.165831 [ca4aaffe]   - train
2021-05-30 17:18:28.165837 [ca4aaffe]   - valid
2021-05-30 17:18:28.165842 [ca4aaffe]   hits_at_1: 0.004381694255111977
2021-05-30 17:18:28.165848 [ca4aaffe]   hits_at_10: 0.02482960077896787
2021-05-30 17:18:28.165853 [ca4aaffe]   hits_at_100: 0.19425511197663098
2021-05-30 17:18:28.165858 [ca4aaffe]   hits_at_100_filtered: 0.19863680623174296
2021-05-30 17:18:28.165864 [ca4aaffe]   hits_at_100_filtered_with_test: 0.19912366114897762
2021-05-30 17:18:28.165884 [ca4aaffe]   hits_at_10_filtered: 0.0311587147030185
2021-05-30 17:18:28.165890 [ca4aaffe]   hits_at_10_filtered_with_test: 0.0311587147030185
2021-05-30 17:18:28.165895 [ca4aaffe]   hits_at_1_filtered: 0.004868549172346641
2021-05-30 17:18:28.165901 [ca4aaffe]   hits_at_1_filtered_with_test: 0.004868549172346641
2021-05-30 17:18:28.165907 [ca4aaffe]   hits_at_200: 0.27896786757546255
2021-05-30 17:18:28.165912 [ca4aaffe]   hits_at_200_filtered: 0.28773125608568645
2021-05-30 17:18:28.165918 [ca4aaffe]   hits_at_200_filtered_with_test: 0.2887049659201558
2021-05-30 17:18:28.165926 [ca4aaffe]   hits_at_3: 0.011684518013631937
2021-05-30 17:18:28.165932 [ca4aaffe]   hits_at_300: 0.3524829600778968
2021-05-30 17:18:28.165937 [ca4aaffe]   hits_at_300_filtered: 0.35978578383641674
2021-05-30 17:18:28.165943 [ca4aaffe]   hits_at_300_filtered_with_test: 0.36124634858812077
2021-05-30 17:18:28.165948 [ca4aaffe]   hits_at_3_filtered: 0.012658227848101266
2021-05-30 17:18:28.165954 [ca4aaffe]   hits_at_3_filtered_with_test: 0.01314508276533593
2021-05-30 17:18:28.165959 [ca4aaffe]   hits_at_400: 0.42356377799415773
2021-05-30 17:18:28.165965 [ca4aaffe]   hits_at_400_filtered: 0.4342745861733204
2021-05-30 17:18:28.165970 [ca4aaffe]   hits_at_400_filtered_with_test: 0.4352482960077897
2021-05-30 17:18:28.165979 [ca4aaffe]   hits_at_50: 0.12658227848101267
2021-05-30 17:18:28.165985 [ca4aaffe]   hits_at_500: 0.5316455696202532
2021-05-30 17:18:28.165990 [ca4aaffe]   hits_at_500_filtered: 0.5501460564751705
2021-05-30 17:18:28.165996 [ca4aaffe]   hits_at_500_filtered_with_test: 0.5525803310613437
2021-05-30 17:18:28.166001 [ca4aaffe]   hits_at_50_filtered: 0.13339824732229796
2021-05-30 17:18:28.166007 [ca4aaffe]   hits_at_50_filtered_with_test: 0.13339824732229796
2021-05-30 17:18:28.166012 [ca4aaffe]   job: eval
2021-05-30 17:18:28.166018 [ca4aaffe]   job_id: ca4aaffe-ad04-4a6c-8898-5fcbe2afb586
2021-05-30 17:18:28.166025 [ca4aaffe]   mean_rank: 402.54722492697175
2021-05-30 17:18:28.166049 [ca4aaffe]   mean_rank_filtered: 390.38607594936707
2021-05-30 17:18:28.166070 [ca4aaffe]   mean_rank_filtered_with_test: 389.13096397273614
2021-05-30 17:18:28.166076 [ca4aaffe]   mean_reciprocal_rank: 0.01707095969849227
2021-05-30 17:18:28.166082 [ca4aaffe]   mean_reciprocal_rank_filtered: 0.018660180408511213
2021-05-30 17:18:28.166087 [ca4aaffe]   mean_reciprocal_rank_filtered_with_test: 0.018860719452350027
2021-05-30 17:18:28.166093 [ca4aaffe]   num_parameters: 210600
2021-05-30 17:18:28.166098 [ca4aaffe]   parent_job_id: ae5108cc-6628-4507-b748-a715f7c84795
2021-05-30 17:18:28.166106 [ca4aaffe]   scope: epoch
2021-05-30 17:18:28.166112 [ca4aaffe]   size: 1027
2021-05-30 17:18:28.166117 [ca4aaffe]   split: valid
2021-05-30 17:18:28.166123 [ca4aaffe]   timestamp: 1622391508.1532812
2021-05-30 17:18:28.166129 [ca4aaffe]   type: entity_ranking
2021-05-30 17:18:28.166778 [ca4aaffe] Finished evaluating on valid split.
2021-05-30 17:18:28.172371 [ae5108cc] Saving checkpoint to /home/jwentz/kge/local/experiments/20210530-171434-wordcraft-search-ax/00005/checkpoint_00005.pt...
2021-05-30 17:18:28.199032 [ae5108cc] Removing old checkpoint /home/jwentz/kge/local/experiments/20210530-171434-wordcraft-search-ax/00005/checkpoint_00004.pt...
2021-05-30 17:18:28.200427 [ae5108cc] Saving checkpoint to /home/jwentz/kge/local/experiments/20210530-171434-wordcraft-search-ax/00005/checkpoint_best.pt...
2021-05-30 17:18:28.232089 [ae5108cc] Starting epoch 6...
2021-05-30 17:18:28.841338 [ae5108cc] avg_cost: 5.637553598579122
2021-05-30 17:18:28.841349 [ae5108cc] avg_loss: 5.637553598579122
2021-05-30 17:18:28.841353 [ae5108cc] avg_penalties: {}
2021-05-30 17:18:28.841356 [ae5108cc] avg_penalty: 0.0
2021-05-30 17:18:28.841359 [ae5108cc] backward_time: 0.027894020080566406
2021-05-30 17:18:28.841362 [ae5108cc] batches: 23
2021-05-30 17:18:28.841365 [ae5108cc] entry_id: d8f0fd14-5411-4838-8379-9cea728a0e1a
2021-05-30 17:18:28.841367 [ae5108cc] epoch: 6
2021-05-30 17:18:28.841370 [ae5108cc] epoch_time: 0.5477044582366943
2021-05-30 17:18:28.841373 [ae5108cc] event: epoch_completed
2021-05-30 17:18:28.841385 [ae5108cc] forward_time: 0.11195564270019531
2021-05-30 17:18:28.841388 [ae5108cc] job: train
2021-05-30 17:18:28.841390 [ae5108cc] job_id: ae5108cc-6628-4507-b748-a715f7c84795
2021-05-30 17:18:28.841393 [ae5108cc] lr:
2021-05-30 17:18:28.841396 [ae5108cc] - 0.534976446069777
2021-05-30 17:18:28.841399 [ae5108cc] num_parameters: 210600
2021-05-30 17:18:28.841402 [ae5108cc] optimizer_time: 0.006623029708862305
2021-05-30 17:18:28.841404 [ae5108cc] other_time: 0.37564563751220703
2021-05-30 17:18:28.841408 [ae5108cc] parent_job_id: 58142d6e-4ebe-4aed-b088-29264465bf53
2021-05-30 17:18:28.841411 [ae5108cc] prepare_time: 0.02558612823486328
2021-05-30 17:18:28.841413 [ae5108cc] scope: epoch
2021-05-30 17:18:28.841416 [ae5108cc] size: 2221
2021-05-30 17:18:28.841419 [ae5108cc] split: train
2021-05-30 17:18:28.841422 [ae5108cc] timestamp: 1622391508.7804172
2021-05-30 17:18:28.841424 [ae5108cc] type: KvsAll
2021-05-30 17:18:28.854240 [ae5108cc]   avg_cost: 5.637553598579122
2021-05-30 17:18:28.854266 [ae5108cc]   avg_loss: 5.637553598579122
2021-05-30 17:18:28.854281 [ae5108cc]   avg_penalties: {}
2021-05-30 17:18:28.854295 [ae5108cc]   avg_penalty: 0.0
2021-05-30 17:18:28.854308 [ae5108cc]   backward_time: 0.027894020080566406
2021-05-30 17:18:28.854322 [ae5108cc]   batches: 23
2021-05-30 17:18:28.854335 [ae5108cc]   entry_id: d8f0fd14-5411-4838-8379-9cea728a0e1a
2021-05-30 17:18:28.854348 [ae5108cc]   epoch: 6
2021-05-30 17:18:28.854361 [ae5108cc]   epoch_time: 0.5477044582366943
2021-05-30 17:18:28.854375 [ae5108cc]   event: epoch_completed
2021-05-30 17:18:28.854388 [ae5108cc]   forward_time: 0.11195564270019531
2021-05-30 17:18:28.854401 [ae5108cc]   job: train
2021-05-30 17:18:28.854415 [ae5108cc]   job_id: ae5108cc-6628-4507-b748-a715f7c84795
2021-05-30 17:18:28.854428 [ae5108cc]   lr:
2021-05-30 17:18:28.854441 [ae5108cc]   - 0.534976446069777
2021-05-30 17:18:28.854454 [ae5108cc]   num_parameters: 210600
2021-05-30 17:18:28.854466 [ae5108cc]   optimizer_time: 0.006623029708862305
2021-05-30 17:18:28.854480 [ae5108cc]   other_time: 0.37564563751220703
2021-05-30 17:18:28.854493 [ae5108cc]   parent_job_id: 58142d6e-4ebe-4aed-b088-29264465bf53
2021-05-30 17:18:28.854506 [ae5108cc]   prepare_time: 0.02558612823486328
2021-05-30 17:18:28.854519 [ae5108cc]   scope: epoch
2021-05-30 17:18:28.854532 [ae5108cc]   size: 2221
2021-05-30 17:18:28.854548 [ae5108cc]   split: train
2021-05-30 17:18:28.854561 [ae5108cc]   timestamp: 1622391508.7804172
2021-05-30 17:18:28.854574 [ae5108cc]   type: KvsAll
2021-05-30 17:18:28.855332 [ae5108cc] Finished epoch 6.
2021-05-30 17:18:28.855818 [ae5108cc] Saving checkpoint to /home/jwentz/kge/local/experiments/20210530-171434-wordcraft-search-ax/00005/checkpoint_00006.pt...
2021-05-30 17:18:28.881748 [ae5108cc] Starting epoch 7...
2021-05-30 17:18:29.420867 [ae5108cc] avg_cost: 5.5737957677987175
2021-05-30 17:18:29.420877 [ae5108cc] avg_loss: 5.5737957677987175
2021-05-30 17:18:29.420880 [ae5108cc] avg_penalties: {}
2021-05-30 17:18:29.420884 [ae5108cc] avg_penalty: 0.0
2021-05-30 17:18:29.420887 [ae5108cc] backward_time: 0.028513669967651367
2021-05-30 17:18:29.420890 [ae5108cc] batches: 23
2021-05-30 17:18:29.420892 [ae5108cc] entry_id: 233ecef0-d9c6-4265-a2a6-7f7c166eb627
2021-05-30 17:18:29.420895 [ae5108cc] epoch: 7
2021-05-30 17:18:29.420898 [ae5108cc] epoch_time: 0.5343122482299805
2021-05-30 17:18:29.420901 [ae5108cc] event: epoch_completed
2021-05-30 17:18:29.420904 [ae5108cc] forward_time: 0.11168789863586426
2021-05-30 17:18:29.420907 [ae5108cc] job: train
2021-05-30 17:18:29.420910 [ae5108cc] job_id: ae5108cc-6628-4507-b748-a715f7c84795
2021-05-30 17:18:29.420912 [ae5108cc] lr:
2021-05-30 17:18:29.420915 [ae5108cc] - 0.534976446069777
2021-05-30 17:18:29.420918 [ae5108cc] num_parameters: 210600
2021-05-30 17:18:29.420921 [ae5108cc] optimizer_time: 0.006551027297973633
2021-05-30 17:18:29.420924 [ae5108cc] other_time: 0.3625028133392334
2021-05-30 17:18:29.420927 [ae5108cc] parent_job_id: 58142d6e-4ebe-4aed-b088-29264465bf53
2021-05-30 17:18:29.420929 [ae5108cc] prepare_time: 0.025056838989257812
2021-05-30 17:18:29.420932 [ae5108cc] scope: epoch
2021-05-30 17:18:29.420935 [ae5108cc] size: 2221
2021-05-30 17:18:29.420938 [ae5108cc] split: train
2021-05-30 17:18:29.420940 [ae5108cc] timestamp: 1622391509.416558
2021-05-30 17:18:29.420943 [ae5108cc] type: KvsAll
2021-05-30 17:18:29.423955 [ae5108cc]   avg_cost: 5.5737957677987175
2021-05-30 17:18:29.423969 [ae5108cc]   avg_loss: 5.5737957677987175
2021-05-30 17:18:29.423977 [ae5108cc]   avg_penalties: {}
2021-05-30 17:18:29.423985 [ae5108cc]   avg_penalty: 0.0
2021-05-30 17:18:29.423992 [ae5108cc]   backward_time: 0.028513669967651367
2021-05-30 17:18:29.423999 [ae5108cc]   batches: 23
2021-05-30 17:18:29.424006 [ae5108cc]   entry_id: 233ecef0-d9c6-4265-a2a6-7f7c166eb627
2021-05-30 17:18:29.424013 [ae5108cc]   epoch: 7
2021-05-30 17:18:29.424020 [ae5108cc]   epoch_time: 0.5343122482299805
2021-05-30 17:18:29.424027 [ae5108cc]   event: epoch_completed
2021-05-30 17:18:29.424034 [ae5108cc]   forward_time: 0.11168789863586426
2021-05-30 17:18:29.424046 [ae5108cc]   job: train
2021-05-30 17:18:29.424054 [ae5108cc]   job_id: ae5108cc-6628-4507-b748-a715f7c84795
2021-05-30 17:18:29.424061 [ae5108cc]   lr:
2021-05-30 17:18:29.424068 [ae5108cc]   - 0.534976446069777
2021-05-30 17:18:29.424075 [ae5108cc]   num_parameters: 210600
2021-05-30 17:18:29.424082 [ae5108cc]   optimizer_time: 0.006551027297973633
2021-05-30 17:18:29.424090 [ae5108cc]   other_time: 0.3625028133392334
2021-05-30 17:18:29.424097 [ae5108cc]   parent_job_id: 58142d6e-4ebe-4aed-b088-29264465bf53
2021-05-30 17:18:29.424104 [ae5108cc]   prepare_time: 0.025056838989257812
2021-05-30 17:18:29.424110 [ae5108cc]   scope: epoch
2021-05-30 17:18:29.424118 [ae5108cc]   size: 2221
2021-05-30 17:18:29.424124 [ae5108cc]   split: train
2021-05-30 17:18:29.424132 [ae5108cc]   timestamp: 1622391509.416558
2021-05-30 17:18:29.424139 [ae5108cc]   type: KvsAll
2021-05-30 17:18:29.424637 [ae5108cc] Finished epoch 7.
2021-05-30 17:18:29.425048 [ae5108cc] Saving checkpoint to /home/jwentz/kge/local/experiments/20210530-171434-wordcraft-search-ax/00005/checkpoint_00007.pt...
2021-05-30 17:18:29.443754 [ae5108cc] Removing old checkpoint /home/jwentz/kge/local/experiments/20210530-171434-wordcraft-search-ax/00005/checkpoint_00006.pt...
2021-05-30 17:18:29.444866 [ae5108cc] Starting epoch 8...
2021-05-30 17:18:29.958799 [ae5108cc] avg_cost: 5.434297048310233
2021-05-30 17:18:29.958810 [ae5108cc] avg_loss: 5.434297048310233
2021-05-30 17:18:29.958813 [ae5108cc] avg_penalties: {}
2021-05-30 17:18:29.958816 [ae5108cc] avg_penalty: 0.0
2021-05-30 17:18:29.958818 [ae5108cc] backward_time: 0.04073739051818848
2021-05-30 17:18:29.958821 [ae5108cc] batches: 23
2021-05-30 17:18:29.958823 [ae5108cc] entry_id: 0d88140f-1bf9-4ecd-9fc8-b72e596e267c
2021-05-30 17:18:29.958826 [ae5108cc] epoch: 8
2021-05-30 17:18:29.958828 [ae5108cc] epoch_time: 0.5049233436584473
2021-05-30 17:18:29.958831 [ae5108cc] event: epoch_completed
2021-05-30 17:18:29.958833 [ae5108cc] forward_time: 0.10542082786560059
2021-05-30 17:18:29.958836 [ae5108cc] job: train
2021-05-30 17:18:29.958838 [ae5108cc] job_id: ae5108cc-6628-4507-b748-a715f7c84795
2021-05-30 17:18:29.958841 [ae5108cc] lr:
2021-05-30 17:18:29.958843 [ae5108cc] - 0.534976446069777
2021-05-30 17:18:29.958846 [ae5108cc] num_parameters: 210600
2021-05-30 17:18:29.958848 [ae5108cc] optimizer_time: 0.006234169006347656
2021-05-30 17:18:29.958851 [ae5108cc] other_time: 0.32926130294799805
2021-05-30 17:18:29.958853 [ae5108cc] parent_job_id: 58142d6e-4ebe-4aed-b088-29264465bf53
2021-05-30 17:18:29.958855 [ae5108cc] prepare_time: 0.0232696533203125
2021-05-30 17:18:29.958858 [ae5108cc] scope: epoch
2021-05-30 17:18:29.958860 [ae5108cc] size: 2221
2021-05-30 17:18:29.958863 [ae5108cc] split: train
2021-05-30 17:18:29.958865 [ae5108cc] timestamp: 1622391509.9550114
2021-05-30 17:18:29.958868 [ae5108cc] type: KvsAll
2021-05-30 17:18:29.961469 [ae5108cc]   avg_cost: 5.434297048310233
2021-05-30 17:18:29.961481 [ae5108cc]   avg_loss: 5.434297048310233
2021-05-30 17:18:29.961488 [ae5108cc]   avg_penalties: {}
2021-05-30 17:18:29.961494 [ae5108cc]   avg_penalty: 0.0
2021-05-30 17:18:29.961500 [ae5108cc]   backward_time: 0.04073739051818848
2021-05-30 17:18:29.961506 [ae5108cc]   batches: 23
2021-05-30 17:18:29.961512 [ae5108cc]   entry_id: 0d88140f-1bf9-4ecd-9fc8-b72e596e267c
2021-05-30 17:18:29.961517 [ae5108cc]   epoch: 8
2021-05-30 17:18:29.961523 [ae5108cc]   epoch_time: 0.5049233436584473
2021-05-30 17:18:29.961529 [ae5108cc]   event: epoch_completed
2021-05-30 17:18:29.961535 [ae5108cc]   forward_time: 0.10542082786560059
2021-05-30 17:18:29.961540 [ae5108cc]   job: train
2021-05-30 17:18:29.961546 [ae5108cc]   job_id: ae5108cc-6628-4507-b748-a715f7c84795
2021-05-30 17:18:29.961552 [ae5108cc]   lr:
2021-05-30 17:18:29.961557 [ae5108cc]   - 0.534976446069777
2021-05-30 17:18:29.961563 [ae5108cc]   num_parameters: 210600
2021-05-30 17:18:29.961569 [ae5108cc]   optimizer_time: 0.006234169006347656
2021-05-30 17:18:29.961575 [ae5108cc]   other_time: 0.32926130294799805
2021-05-30 17:18:29.961580 [ae5108cc]   parent_job_id: 58142d6e-4ebe-4aed-b088-29264465bf53
2021-05-30 17:18:29.961586 [ae5108cc]   prepare_time: 0.0232696533203125
2021-05-30 17:18:29.961592 [ae5108cc]   scope: epoch
2021-05-30 17:18:29.961597 [ae5108cc]   size: 2221
2021-05-30 17:18:29.961603 [ae5108cc]   split: train
2021-05-30 17:18:29.961609 [ae5108cc]   timestamp: 1622391509.9550114
2021-05-30 17:18:29.961615 [ae5108cc]   type: KvsAll
2021-05-30 17:18:29.962034 [ae5108cc] Finished epoch 8.
2021-05-30 17:18:29.962526 [ae5108cc] Saving checkpoint to /home/jwentz/kge/local/experiments/20210530-171434-wordcraft-search-ax/00005/checkpoint_00008.pt...
2021-05-30 17:18:29.982499 [ae5108cc] Removing old checkpoint /home/jwentz/kge/local/experiments/20210530-171434-wordcraft-search-ax/00005/checkpoint_00007.pt...
2021-05-30 17:18:29.984117 [ae5108cc] Starting epoch 9...
2021-05-30 17:18:30.545943 [ae5108cc] avg_cost: 5.500160576362215
2021-05-30 17:18:30.545954 [ae5108cc] avg_loss: 5.500160576362215
2021-05-30 17:18:30.545958 [ae5108cc] avg_penalties: {}
2021-05-30 17:18:30.545961 [ae5108cc] avg_penalty: 0.0
2021-05-30 17:18:30.545964 [ae5108cc] backward_time: 0.03521132469177246
2021-05-30 17:18:30.545967 [ae5108cc] batches: 23
2021-05-30 17:18:30.545970 [ae5108cc] entry_id: c03e5299-75f9-4b9c-8fe9-22bc735f149e
2021-05-30 17:18:30.545973 [ae5108cc] epoch: 9
2021-05-30 17:18:30.545976 [ae5108cc] epoch_time: 0.5568110942840576
2021-05-30 17:18:30.545979 [ae5108cc] event: epoch_completed
2021-05-30 17:18:30.545982 [ae5108cc] forward_time: 0.10930895805358887
2021-05-30 17:18:30.545985 [ae5108cc] job: train
2021-05-30 17:18:30.545988 [ae5108cc] job_id: ae5108cc-6628-4507-b748-a715f7c84795
2021-05-30 17:18:30.545991 [ae5108cc] lr:
2021-05-30 17:18:30.545994 [ae5108cc] - 0.534976446069777
2021-05-30 17:18:30.545996 [ae5108cc] num_parameters: 210600
2021-05-30 17:18:30.545999 [ae5108cc] optimizer_time: 0.0066623687744140625
2021-05-30 17:18:30.546002 [ae5108cc] other_time: 0.3798975944519043
2021-05-30 17:18:30.546005 [ae5108cc] parent_job_id: 58142d6e-4ebe-4aed-b088-29264465bf53
2021-05-30 17:18:30.546008 [ae5108cc] prepare_time: 0.02573084831237793
2021-05-30 17:18:30.546011 [ae5108cc] scope: epoch
2021-05-30 17:18:30.546014 [ae5108cc] size: 2221
2021-05-30 17:18:30.546017 [ae5108cc] split: train
2021-05-30 17:18:30.546019 [ae5108cc] timestamp: 1622391510.541497
2021-05-30 17:18:30.546022 [ae5108cc] type: KvsAll
2021-05-30 17:18:30.549004 [ae5108cc]   avg_cost: 5.500160576362215
2021-05-30 17:18:30.549022 [ae5108cc]   avg_loss: 5.500160576362215
2021-05-30 17:18:30.549031 [ae5108cc]   avg_penalties: {}
2021-05-30 17:18:30.549038 [ae5108cc]   avg_penalty: 0.0
2021-05-30 17:18:30.549052 [ae5108cc]   backward_time: 0.03521132469177246
2021-05-30 17:18:30.549060 [ae5108cc]   batches: 23
2021-05-30 17:18:30.549067 [ae5108cc]   entry_id: c03e5299-75f9-4b9c-8fe9-22bc735f149e
2021-05-30 17:18:30.549081 [ae5108cc]   epoch: 9
2021-05-30 17:18:30.549088 [ae5108cc]   epoch_time: 0.5568110942840576
2021-05-30 17:18:30.549096 [ae5108cc]   event: epoch_completed
2021-05-30 17:18:30.549103 [ae5108cc]   forward_time: 0.10930895805358887
2021-05-30 17:18:30.549110 [ae5108cc]   job: train
2021-05-30 17:18:30.549117 [ae5108cc]   job_id: ae5108cc-6628-4507-b748-a715f7c84795
2021-05-30 17:18:30.549125 [ae5108cc]   lr:
2021-05-30 17:18:30.549132 [ae5108cc]   - 0.534976446069777
2021-05-30 17:18:30.549139 [ae5108cc]   num_parameters: 210600
2021-05-30 17:18:30.549146 [ae5108cc]   optimizer_time: 0.0066623687744140625
2021-05-30 17:18:30.549153 [ae5108cc]   other_time: 0.3798975944519043
2021-05-30 17:18:30.549166 [ae5108cc]   parent_job_id: 58142d6e-4ebe-4aed-b088-29264465bf53
2021-05-30 17:18:30.549173 [ae5108cc]   prepare_time: 0.02573084831237793
2021-05-30 17:18:30.549180 [ae5108cc]   scope: epoch
2021-05-30 17:18:30.549187 [ae5108cc]   size: 2221
2021-05-30 17:18:30.549195 [ae5108cc]   split: train
