2021-05-30 17:14:34.524391 Using folder: /home/jwentz/kge/local/experiments/20210530-171434-wordcraft-search-ax
2021-05-30 17:14:34.525278 Configuration:
2021-05-30 17:14:34.554343   1vsAll:
2021-05-30 17:14:34.554363     class_name: TrainingJob1vsAll
2021-05-30 17:14:34.554375   KvsAll:
2021-05-30 17:14:34.554385     class_name: TrainingJobKvsAll
2021-05-30 17:14:34.554395     label_smoothing: 0.0
2021-05-30 17:14:34.554405     query_types:
2021-05-30 17:14:34.554415       _po: true
2021-05-30 17:14:34.554424       s_o: false
2021-05-30 17:14:34.554434       sp_: true
2021-05-30 17:14:34.554444   ax_search:
2021-05-30 17:14:34.554453     class_name: AxSearchJob
2021-05-30 17:14:34.554463     num_sobol_trials: -1
2021-05-30 17:14:34.554473     num_trials: 50
2021-05-30 17:14:34.554482     parameter_constraints: []
2021-05-30 17:14:34.554492     parameters:
2021-05-30 17:14:34.554502     - name: model
2021-05-30 17:14:34.554511       type: choice
2021-05-30 17:14:34.554521       values:
2021-05-30 17:14:34.554530       - complex
2021-05-30 17:14:34.554540       - transe
2021-05-30 17:14:34.554550       - rotate
2021-05-30 17:14:34.554559       - rescal
2021-05-30 17:14:34.554569       - distmult
2021-05-30 17:14:34.554578     - bounds:
2021-05-30 17:14:34.554588       - 0.0
2021-05-30 17:14:34.554597       - 1.0
2021-05-30 17:14:34.554607       name: train.optimizer.default.args.lr
2021-05-30 17:14:34.554617       type: range
2021-05-30 17:14:34.554627     - bounds:
2021-05-30 17:14:34.554636       - 1.0e-08
2021-05-30 17:14:34.554646       - 1.0
2021-05-30 17:14:34.554655       log_scale: true
2021-05-30 17:14:34.554665       name: train.optimizer.default.args.weight_decay
2021-05-30 17:14:34.554676       type: range
2021-05-30 17:14:34.554685     - name: lookup_embedder.dim
2021-05-30 17:14:34.554695       type: choice
2021-05-30 17:14:34.554705       values:
2021-05-30 17:14:34.554715       - 100
2021-05-30 17:14:34.554724       - 200
2021-05-30 17:14:34.554733       - 300
2021-05-30 17:14:34.554743     sobol_seed: 0
2021-05-30 17:14:34.554753   complex:
2021-05-30 17:14:34.554762     class_name: ComplEx
2021-05-30 17:14:34.554772     entity_embedder:
2021-05-30 17:14:34.554781       +++: +++
2021-05-30 17:14:34.554791       type: lookup_embedder
2021-05-30 17:14:34.554800     relation_embedder:
2021-05-30 17:14:34.554810       +++: +++
2021-05-30 17:14:34.554819       type: lookup_embedder
2021-05-30 17:14:34.554829   console:
2021-05-30 17:14:34.554839     format: {}
2021-05-30 17:14:34.554849     quiet: false
2021-05-30 17:14:34.554859   conve:
2021-05-30 17:14:34.554868     2D_aspect_ratio: 2
2021-05-30 17:14:34.554878     class_name: ConvE
2021-05-30 17:14:34.554888     convolution_bias: true
2021-05-30 17:14:34.554897     entity_embedder:
2021-05-30 17:14:34.554907       +++: +++
2021-05-30 17:14:34.554916       dropout: 0.2
2021-05-30 17:14:34.554926       type: lookup_embedder
2021-05-30 17:14:34.554936     feature_map_dropout: 0.2
2021-05-30 17:14:34.554946     filter_size: 3
2021-05-30 17:14:34.554955     padding: 0
2021-05-30 17:14:34.554965     projection_dropout: 0.3
2021-05-30 17:14:34.554974     relation_embedder:
2021-05-30 17:14:34.554984       +++: +++
2021-05-30 17:14:34.554994       dropout: 0.2
2021-05-30 17:14:34.555003       type: lookup_embedder
2021-05-30 17:14:34.555013     round_dim: false
2021-05-30 17:14:34.555023     stride: 1
2021-05-30 17:14:34.555032   dataset:
2021-05-30 17:14:34.555050     +++: +++
2021-05-30 17:14:34.555060     files:
2021-05-30 17:14:34.555071       +++: +++
2021-05-30 17:14:34.555081       entity_ids:
2021-05-30 17:14:34.555090         filename: entity_ids.del
2021-05-30 17:14:34.555100         type: map
2021-05-30 17:14:34.555109       entity_strings:
2021-05-30 17:14:34.555119         filename: entity_ids.del
2021-05-30 17:14:34.555128         type: map
2021-05-30 17:14:34.555138       relation_ids:
2021-05-30 17:14:34.555147         filename: relation_ids.del
2021-05-30 17:14:34.555157         type: map
2021-05-30 17:14:34.555167       relation_strings:
2021-05-30 17:14:34.555177         filename: relation_ids.del
2021-05-30 17:14:34.555186         type: map
2021-05-30 17:14:34.555196       test:
2021-05-30 17:14:34.555205         filename: test.del
2021-05-30 17:14:34.555215         type: triples
2021-05-30 17:14:34.555224       train:
2021-05-30 17:14:34.555234         filename: train.del
2021-05-30 17:14:34.555244         type: triples
2021-05-30 17:14:34.555253       valid:
2021-05-30 17:14:34.555263         filename: valid.del
2021-05-30 17:14:34.555272         type: triples
2021-05-30 17:14:34.555281     name: wordcraft_data
2021-05-30 17:14:34.555291     num_entities: -1
2021-05-30 17:14:34.555301     num_relations: -1
2021-05-30 17:14:34.555311     pickle: true
2021-05-30 17:14:34.555320   distmult:
2021-05-30 17:14:34.555330     class_name: DistMult
2021-05-30 17:14:34.555340     entity_embedder:
2021-05-30 17:14:34.555350       +++: +++
2021-05-30 17:14:34.555360       type: lookup_embedder
2021-05-30 17:14:34.555369     relation_embedder:
2021-05-30 17:14:34.555379       +++: +++
2021-05-30 17:14:34.555388       type: lookup_embedder
2021-05-30 17:14:34.555399   entity_ranking:
2021-05-30 17:14:34.555409     chunk_size: -1
2021-05-30 17:14:34.555419     class_name: EntityRankingJob
2021-05-30 17:14:34.555428     filter_splits:
2021-05-30 17:14:34.555438     - train
2021-05-30 17:14:34.555447     - valid
2021-05-30 17:14:34.555457     filter_with_test: true
2021-05-30 17:14:34.555468     hits_at_k_s:
2021-05-30 17:14:34.555477     - 1
2021-05-30 17:14:34.555486     - 3
2021-05-30 17:14:34.555496     - 10
2021-05-30 17:14:34.555505     - 50
2021-05-30 17:14:34.555515     - 100
2021-05-30 17:14:34.555524     - 200
2021-05-30 17:14:34.555534     - 300
2021-05-30 17:14:34.555543     - 400
2021-05-30 17:14:34.555552     - 500
2021-05-30 17:14:34.555562     - 1000
2021-05-30 17:14:34.555571     metrics_per:
2021-05-30 17:14:34.555581       argument_frequency: false
2021-05-30 17:14:34.555590       head_and_tail: false
2021-05-30 17:14:34.555600       relation_type: false
2021-05-30 17:14:34.555609     tie_handling: rounded_mean_rank
2021-05-30 17:14:34.555619   eval:
2021-05-30 17:14:34.555629     batch_size: 100
2021-05-30 17:14:34.555639     num_workers: 0
2021-05-30 17:14:34.555648     pin_memory: false
2021-05-30 17:14:34.555657     split: valid
2021-05-30 17:14:34.555667     trace_level: epoch
2021-05-30 17:14:34.555676     type: entity_ranking
2021-05-30 17:14:34.555686   grid_search:
2021-05-30 17:14:34.555696     class_name: GridSearchJob
2021-05-30 17:14:34.555705     parameters:
2021-05-30 17:14:34.555715       +++: +++
2021-05-30 17:14:34.555724     run: true
2021-05-30 17:14:34.555734   import:
2021-05-30 17:14:34.555743   - complex
2021-05-30 17:14:34.555753   - transe
2021-05-30 17:14:34.555762   - rotate
2021-05-30 17:14:34.555771   - rescal
2021-05-30 17:14:34.555781   - distmult
2021-05-30 17:14:34.555790   - reciprocal_relations_model
2021-05-30 17:14:34.555801   job:
2021-05-30 17:14:34.555811     device: cuda
2021-05-30 17:14:34.555821     type: search
2021-05-30 17:14:34.555831   lookup_embedder:
2021-05-30 17:14:34.555840     class_name: LookupEmbedder
2021-05-30 17:14:34.555850     dim: 100
2021-05-30 17:14:34.555859     dropout: 0.0
2021-05-30 17:14:34.555869     initialize: normal_
2021-05-30 17:14:34.555878     initialize_args:
2021-05-30 17:14:34.555888       +++: +++
2021-05-30 17:14:34.555897     normalize:
2021-05-30 17:14:34.555907       p: -1.0
2021-05-30 17:14:34.555917     pretrain:
2021-05-30 17:14:34.555926       ensure_all: false
2021-05-30 17:14:34.555936       model_filename: ''
2021-05-30 17:14:34.555945     regularize: lp
2021-05-30 17:14:34.555955     regularize_args:
2021-05-30 17:14:34.555964       +++: +++
2021-05-30 17:14:34.555974       p: 2
2021-05-30 17:14:34.555984       weighted: false
2021-05-30 17:14:34.555993     regularize_weight: 0.0
2021-05-30 17:14:34.556003     round_dim_to: []
2021-05-30 17:14:34.556012     sparse: false
2021-05-30 17:14:34.556022   manual_search:
2021-05-30 17:14:34.556031     class_name: ManualSearchJob
2021-05-30 17:14:34.556046     configurations: []
2021-05-30 17:14:34.556057     run: true
2021-05-30 17:14:34.556066   model: ''
2021-05-30 17:14:34.556076   modules:
2021-05-30 17:14:34.556103   - kge.job
2021-05-30 17:14:34.556113   - kge.model
2021-05-30 17:14:34.556123   - kge.model.embedder
2021-05-30 17:14:34.556132   negative_sampling:
2021-05-30 17:14:34.556142     class_name: TrainingJobNegativeSampling
2021-05-30 17:14:34.556152     filtering:
2021-05-30 17:14:34.556161       implementation: fast_if_available
2021-05-30 17:14:34.556171       o: false
2021-05-30 17:14:34.556180       p: false
2021-05-30 17:14:34.556190       s: false
2021-05-30 17:14:34.556199       split: ''
2021-05-30 17:14:34.556209     frequency:
2021-05-30 17:14:34.556218       smoothing: 1
2021-05-30 17:14:34.556228     implementation: auto
2021-05-30 17:14:34.556237     num_samples:
2021-05-30 17:14:34.556247       o: -1
2021-05-30 17:14:34.556256       p: 0
2021-05-30 17:14:34.556266       s: 3
2021-05-30 17:14:34.556275     sampling_type: uniform
2021-05-30 17:14:34.556285     shared: false
2021-05-30 17:14:34.556295     shared_type: default
2021-05-30 17:14:34.556304     with_replacement: true
2021-05-30 17:14:34.556314   random_seed:
2021-05-30 17:14:34.556324     default: -1
2021-05-30 17:14:34.556333     numba: -1
2021-05-30 17:14:34.556342     numpy: -1
2021-05-30 17:14:34.556352     python: -1
2021-05-30 17:14:34.556361     torch: -1
2021-05-30 17:14:34.556371   reciprocal_relations_model:
2021-05-30 17:14:34.556380     base_model:
2021-05-30 17:14:34.556390       +++: +++
2021-05-30 17:14:34.556399       type: conve
2021-05-30 17:14:34.556409     class_name: ReciprocalRelationsModel
2021-05-30 17:14:34.556418   rescal:
2021-05-30 17:14:34.556428     class_name: Rescal
2021-05-30 17:14:34.556438     entity_embedder:
2021-05-30 17:14:34.556447       +++: +++
2021-05-30 17:14:34.556457       type: lookup_embedder
2021-05-30 17:14:34.556466     relation_embedder:
2021-05-30 17:14:34.556476       +++: +++
2021-05-30 17:14:34.556485       dim: -1
2021-05-30 17:14:34.556495       type: lookup_embedder
2021-05-30 17:14:34.556504   rotate:
2021-05-30 17:14:34.556514     class_name: RotatE
2021-05-30 17:14:34.556523     entity_embedder:
2021-05-30 17:14:34.556533       +++: +++
2021-05-30 17:14:34.556542       type: lookup_embedder
2021-05-30 17:14:34.556552     l_norm: 1.0
2021-05-30 17:14:34.556561     normalize_phases: true
2021-05-30 17:14:34.556571     relation_embedder:
2021-05-30 17:14:34.556581       +++: +++
2021-05-30 17:14:34.556590       dim: -1
2021-05-30 17:14:34.556600       initialize: uniform_
2021-05-30 17:14:34.556609       initialize_args:
2021-05-30 17:14:34.556619         uniform_:
2021-05-30 17:14:34.556628           a: -3.14159265359
2021-05-30 17:14:34.556638           b: 3.14159265359
2021-05-30 17:14:34.556647       type: lookup_embedder
2021-05-30 17:14:34.556657   search:
2021-05-30 17:14:34.556667     device_pool: []
2021-05-30 17:14:34.556677     num_workers: 1
2021-05-30 17:14:34.556686     on_error: abort
2021-05-30 17:14:34.556696     type: ax_search
2021-05-30 17:14:34.556705   train:
2021-05-30 17:14:34.556715     abort_on_nan: true
2021-05-30 17:14:34.556724     auto_correct: false
2021-05-30 17:14:34.556734     batch_size: 100
2021-05-30 17:14:34.556744     checkpoint:
2021-05-30 17:14:34.556753       every: 5
2021-05-30 17:14:34.556763       keep: 3
2021-05-30 17:14:34.556772       keep_init: true
2021-05-30 17:14:34.556782     loss: kl
2021-05-30 17:14:34.556791     loss_arg: .nan
2021-05-30 17:14:34.556801     lr_scheduler: ''
2021-05-30 17:14:34.556811     lr_scheduler_args:
2021-05-30 17:14:34.556821       +++: +++
2021-05-30 17:14:34.556830     lr_warmup: 0
2021-05-30 17:14:34.556840     max_epochs: 400
2021-05-30 17:14:34.556849     num_workers: 0
2021-05-30 17:14:34.556859     optimizer:
2021-05-30 17:14:34.556868       +++: +++
2021-05-30 17:14:34.556878       default:
2021-05-30 17:14:34.556888         args:
2021-05-30 17:14:34.556898           +++: +++
2021-05-30 17:14:34.556908         type: Adagrad
2021-05-30 17:14:34.556917     pin_memory: false
2021-05-30 17:14:34.556927     split: train
2021-05-30 17:14:34.556936     subbatch_auto_tune: false
2021-05-30 17:14:34.556946     subbatch_size: -1
2021-05-30 17:14:34.556956     trace_level: epoch
2021-05-30 17:14:34.556966     type: KvsAll
2021-05-30 17:14:34.556975     visualize_graph: false
2021-05-30 17:14:34.556985   training_loss:
2021-05-30 17:14:34.556994     class_name: TrainingLossEvaluationJob
2021-05-30 17:14:34.557004   transe:
2021-05-30 17:14:34.557013     class_name: TransE
2021-05-30 17:14:34.557023     entity_embedder:
2021-05-30 17:14:34.557033       +++: +++
2021-05-30 17:14:34.557048       type: lookup_embedder
2021-05-30 17:14:34.557058     l_norm: 1.0
2021-05-30 17:14:34.557068     relation_embedder:
2021-05-30 17:14:34.557077       +++: +++
2021-05-30 17:14:34.557087       type: lookup_embedder
2021-05-30 17:14:34.557097   user:
2021-05-30 17:14:34.557106     +++: +++
2021-05-30 17:14:34.557116   valid:
2021-05-30 17:14:34.557126     early_stopping:
2021-05-30 17:14:34.557136       patience: 5
2021-05-30 17:14:34.557146       threshold:
2021-05-30 17:14:34.557156         epochs: 0
2021-05-30 17:14:34.557166         metric_value: 0.0
2021-05-30 17:14:34.557175     every: 5
2021-05-30 17:14:34.557185     metric: mean_reciprocal_rank_filtered_with_test
2021-05-30 17:14:34.557195     metric_expr: float("nan")
2021-05-30 17:14:34.557205     metric_max: true
2021-05-30 17:14:34.557214     split: valid
2021-05-30 17:14:34.557224     trace_level: epoch
2021-05-30 17:14:34.578302   git commit: e478a44
2021-05-30 17:14:34.579538 Loading configuration of dataset wordcraft_data from /home/jwentz/kge/data/wordcraft_data ...
2021-05-30 17:14:34.592109 Loaded 700 keys from map entity_ids
2021-05-30 17:14:34.593731 Loaded 2 keys from map relation_ids
2021-05-30 17:14:34.597358 Loaded 8220 train triples
2021-05-30 17:14:34.599539 Loaded 1027 valid triples
2021-05-30 17:14:34.601419 Loaded 1028 test triples
2021-05-30 17:14:34.602348 [58142d6e] Using device pool: ['cuda']
2021-05-30 17:14:34.674326 [58142d6e] ax search initialized with GenerationStrategy(name='Sobol', steps=[Sobol for all trials])
2021-05-30 17:14:34.774173 [58142d6e] Registering trial 0/49...
2021-05-30 17:14:34.792404 [58142d6e] Created trial 00000 with parameters: {'train.optimizer.default.args.lr': 0.7127186004072428, 'train.optimizer.default.args.weight_decay': 0.0002487556600408233, 'model': 'complex', 'lookup_embedder.dim': 100}
2021-05-30 17:14:34.860530 [58142d6e] Saving checkpoint to /home/jwentz/kge/local/experiments/20210530-171434-wordcraft-search-ax/checkpoint_00001.pt...
2021-05-30 17:14:34.890103 [58142d6e] Starting training job /home/jwentz/kge/local/experiments/20210530-171434-wordcraft-search-ax/00000 (1/50) on device cuda...
2021-05-30 17:14:38.835463 [58142d6e]   1015 distinct sp pairs in train
2021-05-30 17:14:38.838862 [58142d6e]   1206 distinct po pairs in train
2021-05-30 17:14:41.334589 [58142d6e]   482 distinct sp pairs in valid
2021-05-30 17:14:41.336765 [58142d6e]   552 distinct po pairs in valid
2021-05-30 17:14:41.339280 [58142d6e]   474 distinct sp pairs in test
2021-05-30 17:14:41.343112 [58142d6e]   551 distinct po pairs in test
2021-05-30 17:15:29.578738 [58142d6e] Best result in this training job:
2021-05-30 17:15:29.589273 [58142d6e]   batches: 11
2021-05-30 17:15:29.589287 [58142d6e]   child_job_id: 32ec364b-5ef6-4a3d-bc9d-f505a4b99347
2021-05-30 17:15:29.589295 [58142d6e]   entry_id: 3279c325-5117-4d2d-8a47-f684cd546bd2
2021-05-30 17:15:29.589302 [58142d6e]   epoch: 75
2021-05-30 17:15:29.589308 [58142d6e]   epoch_time: 0.13170933723449707
2021-05-30 17:15:29.589315 [58142d6e]   event: search_completed
2021-05-30 17:15:29.589322 [58142d6e]   filter_splits:
2021-05-30 17:15:29.589328 [58142d6e]   - train
2021-05-30 17:15:29.589336 [58142d6e]   - valid
2021-05-30 17:15:29.589343 [58142d6e]   folder: '00000'
2021-05-30 17:15:29.589349 [58142d6e]   hits_at_1: 0.009737098344693282
2021-05-30 17:15:29.589356 [58142d6e]   hits_at_10: 0.2575462512171373
2021-05-30 17:15:29.589362 [58142d6e]   hits_at_100: 0.8675754625121714
2021-05-30 17:15:29.589369 [58142d6e]   hits_at_100_filtered: 0.9079844206426485
2021-05-30 17:15:29.589375 [58142d6e]   hits_at_100_filtered_with_test: 0.9104186952288218
2021-05-30 17:15:29.589382 [58142d6e]   hits_at_10_filtered: 0.6343719571567673
2021-05-30 17:15:29.589388 [58142d6e]   hits_at_10_filtered_with_test: 0.6669912366114898
2021-05-30 17:15:29.589395 [58142d6e]   hits_at_1_filtered: 0.23758519961051608
2021-05-30 17:15:29.589401 [58142d6e]   hits_at_1_filtered_with_test: 0.3047711781888997
2021-05-30 17:15:29.589412 [58142d6e]   hits_at_200: 0.940603700097371
2021-05-30 17:15:29.589434 [58142d6e]   hits_at_200_filtered: 0.952288218111003
2021-05-30 17:15:29.589441 [58142d6e]   hits_at_200_filtered_with_test: 0.952288218111003
2021-05-30 17:15:29.589448 [58142d6e]   hits_at_3: 0.05258033106134372
2021-05-30 17:15:29.589454 [58142d6e]   hits_at_300: 0.9673807205452776
2021-05-30 17:15:29.589460 [58142d6e]   hits_at_300_filtered: 0.9707887049659202
2021-05-30 17:15:29.589466 [58142d6e]   hits_at_300_filtered_with_test: 0.9717624148003895
2021-05-30 17:15:29.589473 [58142d6e]   hits_at_3_filtered: 0.4172346640701071
2021-05-30 17:15:29.589494 [58142d6e]   hits_at_3_filtered_with_test: 0.47663096397273613
2021-05-30 17:15:29.589500 [58142d6e]   hits_at_400: 0.9790652385589095
2021-05-30 17:15:29.589506 [58142d6e]   hits_at_400_filtered: 0.9829600778967867
2021-05-30 17:15:29.589512 [58142d6e]   hits_at_400_filtered_with_test: 0.9834469328140214
2021-05-30 17:15:29.589519 [58142d6e]   hits_at_50: 0.7078870496592016
2021-05-30 17:15:29.589525 [58142d6e]   hits_at_500: 0.9873417721518988
2021-05-30 17:15:29.589531 [58142d6e]   hits_at_500_filtered: 0.9907497565725414
2021-05-30 17:15:29.589537 [58142d6e]   hits_at_500_filtered_with_test: 0.9907497565725414
2021-05-30 17:15:29.589543 [58142d6e]   hits_at_50_filtered: 0.8471275559883155
2021-05-30 17:15:29.589549 [58142d6e]   hits_at_50_filtered_with_test: 0.8490749756572542
2021-05-30 17:15:29.589556 [58142d6e]   job: search
2021-05-30 17:15:29.589563 [58142d6e]   job_id: 58142d6e-4ebe-4aed-b088-29264465bf53
2021-05-30 17:15:29.589569 [58142d6e]   lookup_embedder.dim: 100
2021-05-30 17:15:29.589575 [58142d6e]   mean_rank: 56.431840311587145
2021-05-30 17:15:29.589581 [58142d6e]   mean_rank_filtered: 35.49659201557936
2021-05-30 17:15:29.589587 [58142d6e]   mean_rank_filtered_with_test: 34.2317429406037
2021-05-30 17:15:29.589594 [58142d6e]   mean_reciprocal_rank: 0.08355127499885893
2021-05-30 17:15:29.589600 [58142d6e]   mean_reciprocal_rank_filtered: 0.36582755113878407
2021-05-30 17:15:29.589606 [58142d6e]   mean_reciprocal_rank_filtered_with_test: 0.42372159577158897
2021-05-30 17:15:29.589613 [58142d6e]   metric_name: mean_reciprocal_rank_filtered_with_test
2021-05-30 17:15:29.589619 [58142d6e]   metric_value: 0.42372159577158897
2021-05-30 17:15:29.589625 [58142d6e]   model: complex
2021-05-30 17:15:29.589631 [58142d6e]   num_parameters: 70200
2021-05-30 17:15:29.589637 [58142d6e]   scope: train
2021-05-30 17:15:29.589643 [58142d6e]   size: 1027
2021-05-30 17:15:29.589649 [58142d6e]   split: valid
2021-05-30 17:15:29.589670 [58142d6e]   timestamp: 1622391329.5792174
2021-05-30 17:15:29.589676 [58142d6e]   train.optimizer.default.args.lr: 0.7127186004072428
2021-05-30 17:15:29.589682 [58142d6e]   train.optimizer.default.args.weight_decay: 0.0002487556600408233
2021-05-30 17:15:29.697910 [58142d6e] Registering trial 00000 result: 0.42372159577158897
2021-05-30 17:15:29.713067 [58142d6e] Saving checkpoint to /home/jwentz/kge/local/experiments/20210530-171434-wordcraft-search-ax/checkpoint_00001.pt...
2021-05-30 17:15:29.789028 [58142d6e] Registering trial 1/49...
2021-05-30 17:15:29.831809 [58142d6e] Created trial 00001 with parameters: {'train.optimizer.default.args.lr': 0.2573074772953987, 'train.optimizer.default.args.weight_decay': 0.0832794049404208, 'model': 'distmult', 'lookup_embedder.dim': 200}
2021-05-30 17:15:29.913971 [58142d6e] Saving checkpoint to /home/jwentz/kge/local/experiments/20210530-171434-wordcraft-search-ax/checkpoint_00001.pt...
2021-05-30 17:15:29.915591 [58142d6e] Starting training job /home/jwentz/kge/local/experiments/20210530-171434-wordcraft-search-ax/00001 (2/50) on device cuda...
2021-05-30 17:15:47.744862 [58142d6e] Best result in this training job:
2021-05-30 17:15:47.753990 [58142d6e]   batches: 11
2021-05-30 17:15:47.754002 [58142d6e]   child_job_id: 6317aebc-7abb-43d1-8bb7-9a3e280a8db2
2021-05-30 17:15:47.754008 [58142d6e]   entry_id: 746be838-eb01-4d50-bb70-c99ed0bf1622
2021-05-30 17:15:47.754014 [58142d6e]   epoch: 10
2021-05-30 17:15:47.754020 [58142d6e]   epoch_time: 0.12863779067993164
2021-05-30 17:15:47.754026 [58142d6e]   event: search_completed
2021-05-30 17:15:47.754031 [58142d6e]   filter_splits:
2021-05-30 17:15:47.754037 [58142d6e]   - train
2021-05-30 17:15:47.754048 [58142d6e]   - valid
2021-05-30 17:15:47.754070 [58142d6e]   folder: '00001'
2021-05-30 17:15:47.754075 [58142d6e]   hits_at_1: 0.0034079844206426485
2021-05-30 17:15:47.754081 [58142d6e]   hits_at_10: 0.030185004868549175
2021-05-30 17:15:47.754087 [58142d6e]   hits_at_100: 0.18062317429406038
2021-05-30 17:15:47.754093 [58142d6e]   hits_at_100_filtered: 0.18792599805258034
2021-05-30 17:15:47.754099 [58142d6e]   hits_at_100_filtered_with_test: 0.189873417721519
2021-05-30 17:15:47.754104 [58142d6e]   hits_at_10_filtered: 0.03164556962025317
2021-05-30 17:15:47.754110 [58142d6e]   hits_at_10_filtered_with_test: 0.03164556962025317
2021-05-30 17:15:47.754116 [58142d6e]   hits_at_1_filtered: 0.0034079844206426485
2021-05-30 17:15:47.754122 [58142d6e]   hits_at_1_filtered_with_test: 0.0034079844206426485
2021-05-30 17:15:47.754128 [58142d6e]   hits_at_200: 0.3422590068159689
2021-05-30 17:15:47.754135 [58142d6e]   hits_at_200_filtered: 0.3588120740019474
2021-05-30 17:15:47.754140 [58142d6e]   hits_at_200_filtered_with_test: 0.3592989289191821
2021-05-30 17:15:47.754146 [58142d6e]   hits_at_3: 0.010223953261927946
2021-05-30 17:15:47.754152 [58142d6e]   hits_at_300: 0.48149951314508277
2021-05-30 17:15:47.754158 [58142d6e]   hits_at_300_filtered: 0.495618305744888
2021-05-30 17:15:47.754164 [58142d6e]   hits_at_300_filtered_with_test: 0.49707887049659205
2021-05-30 17:15:47.754169 [58142d6e]   hits_at_3_filtered: 0.011684518013631937
2021-05-30 17:15:47.754175 [58142d6e]   hits_at_3_filtered_with_test: 0.011684518013631937
2021-05-30 17:15:47.754181 [58142d6e]   hits_at_400: 0.5886075949367089
2021-05-30 17:15:47.754187 [58142d6e]   hits_at_400_filtered: 0.6071080817916261
2021-05-30 17:15:47.754193 [58142d6e]   hits_at_400_filtered_with_test: 0.6110029211295034
2021-05-30 17:15:47.754199 [58142d6e]   hits_at_50: 0.09396299902629017
2021-05-30 17:15:47.754205 [58142d6e]   hits_at_500: 0.7069133398247323
2021-05-30 17:15:47.754211 [58142d6e]   hits_at_500_filtered: 0.7346640701071081
2021-05-30 17:15:47.754217 [58142d6e]   hits_at_500_filtered_with_test: 0.7370983446932814
2021-05-30 17:15:47.754222 [58142d6e]   hits_at_50_filtered: 0.10077896786757547
2021-05-30 17:15:47.754228 [58142d6e]   hits_at_50_filtered_with_test: 0.10077896786757547
2021-05-30 17:15:47.754248 [58142d6e]   job: search
2021-05-30 17:15:47.754254 [58142d6e]   job_id: 58142d6e-4ebe-4aed-b088-29264465bf53
2021-05-30 17:15:47.754259 [58142d6e]   lookup_embedder.dim: 200
2021-05-30 17:15:47.754265 [58142d6e]   mean_rank: 334.86757546251215
2021-05-30 17:15:47.754274 [58142d6e]   mean_rank_filtered: 321.6353456669912
2021-05-30 17:15:47.754280 [58142d6e]   mean_rank_filtered_with_test: 320.2755598831548
2021-05-30 17:15:47.754285 [58142d6e]   mean_reciprocal_rank: 0.015866852549522272
2021-05-30 17:15:47.754291 [58142d6e]   mean_reciprocal_rank_filtered: 0.016402841658996165
2021-05-30 17:15:47.754297 [58142d6e]   mean_reciprocal_rank_filtered_with_test: 0.016444964905676613
2021-05-30 17:15:47.754303 [58142d6e]   metric_name: mean_reciprocal_rank_filtered_with_test
2021-05-30 17:15:47.754309 [58142d6e]   metric_value: 0.016444964905676613
2021-05-30 17:15:47.754315 [58142d6e]   model: distmult
2021-05-30 17:15:47.754323 [58142d6e]   num_parameters: 140400
2021-05-30 17:15:47.754329 [58142d6e]   scope: train
2021-05-30 17:15:47.754335 [58142d6e]   size: 1027
2021-05-30 17:15:47.754340 [58142d6e]   split: valid
2021-05-30 17:15:47.754360 [58142d6e]   timestamp: 1622391347.7453575
2021-05-30 17:15:47.754366 [58142d6e]   train.optimizer.default.args.lr: 0.2573074772953987
2021-05-30 17:15:47.754371 [58142d6e]   train.optimizer.default.args.weight_decay: 0.0832794049404208
2021-05-30 17:15:47.855778 [58142d6e] Registering trial 00001 result: 0.016444964905676613
2021-05-30 17:15:47.868506 [58142d6e] Saving checkpoint to /home/jwentz/kge/local/experiments/20210530-171434-wordcraft-search-ax/checkpoint_00001.pt...
2021-05-30 17:15:47.938830 [58142d6e] Registering trial 2/49...
2021-05-30 17:15:48.001451 [58142d6e] Created trial 00002 with parameters: {'train.optimizer.default.args.lr': 0.8866132143884897, 'train.optimizer.default.args.weight_decay': 1.8557518438718654e-06, 'model': 'rotate', 'lookup_embedder.dim': 300}
2021-05-30 17:15:48.090546 [58142d6e] Saving checkpoint to /home/jwentz/kge/local/experiments/20210530-171434-wordcraft-search-ax/checkpoint_00001.pt...
2021-05-30 17:15:48.092326 [58142d6e] Starting training job /home/jwentz/kge/local/experiments/20210530-171434-wordcraft-search-ax/00002 (3/50) on device cuda...
2021-05-30 17:16:34.005476 [58142d6e] Best result in this training job:
2021-05-30 17:16:34.016247 [58142d6e]   batches: 11
2021-05-30 17:16:34.016273 [58142d6e]   child_job_id: 89cb05aa-b148-489a-91c3-ef416a78afed
2021-05-30 17:16:34.016287 [58142d6e]   entry_id: 4f1c46f4-4636-48c5-bac3-caa55225b6fe
2021-05-30 17:16:34.016300 [58142d6e]   epoch: 40
2021-05-30 17:16:34.016312 [58142d6e]   epoch_time: 0.19220352172851562
2021-05-30 17:16:34.016324 [58142d6e]   event: search_completed
2021-05-30 17:16:34.016336 [58142d6e]   filter_splits:
2021-05-30 17:16:34.016348 [58142d6e]   - train
2021-05-30 17:16:34.016368 [58142d6e]   - valid
2021-05-30 17:16:34.016381 [58142d6e]   folder: '00002'
2021-05-30 17:16:34.016393 [58142d6e]   hits_at_1: 0.007302823758519961
2021-05-30 17:16:34.016406 [58142d6e]   hits_at_10: 0.11489776046738072
2021-05-30 17:16:34.016417 [58142d6e]   hits_at_100: 0.5715676728334956
2021-05-30 17:16:34.016429 [58142d6e]   hits_at_100_filtered: 0.6285296981499513
2021-05-30 17:16:34.016441 [58142d6e]   hits_at_100_filtered_with_test: 0.631937682570594
2021-05-30 17:16:34.016453 [58142d6e]   hits_at_10_filtered: 0.22882181110029212
2021-05-30 17:16:34.016465 [58142d6e]   hits_at_10_filtered_with_test: 0.23515092502434276
2021-05-30 17:16:34.016477 [58142d6e]   hits_at_1_filtered: 0.057935735150925025
2021-05-30 17:16:34.016489 [58142d6e]   hits_at_1_filtered_with_test: 0.062317429406037
2021-05-30 17:16:34.016502 [58142d6e]   hits_at_200: 0.7444011684518014
2021-05-30 17:16:34.016515 [58142d6e]   hits_at_200_filtered: 0.7760467380720546
2021-05-30 17:16:34.016527 [58142d6e]   hits_at_200_filtered_with_test: 0.7784810126582279
2021-05-30 17:16:34.016539 [58142d6e]   hits_at_3: 0.02482960077896787
2021-05-30 17:16:34.016551 [58142d6e]   hits_at_300: 0.8398247322297956
2021-05-30 17:16:34.016563 [58142d6e]   hits_at_300_filtered: 0.8578383641674782
2021-05-30 17:16:34.016575 [58142d6e]   hits_at_300_filtered_with_test: 0.8592989289191821
2021-05-30 17:16:34.016587 [58142d6e]   hits_at_3_filtered: 0.11733203505355405
2021-05-30 17:16:34.016599 [58142d6e]   hits_at_3_filtered_with_test: 0.124634858812074
2021-05-30 17:16:34.016611 [58142d6e]   hits_at_400: 0.9026290165530673
2021-05-30 17:16:34.016623 [58142d6e]   hits_at_400_filtered: 0.9133398247322299
2021-05-30 17:16:34.016634 [58142d6e]   hits_at_400_filtered_with_test: 0.9133398247322299
2021-05-30 17:16:34.016648 [58142d6e]   hits_at_50: 0.40019474196689386
2021-05-30 17:16:34.016660 [58142d6e]   hits_at_500: 0.937682570593963
2021-05-30 17:16:34.016673 [58142d6e]   hits_at_500_filtered: 0.943524829600779
2021-05-30 17:16:34.016685 [58142d6e]   hits_at_500_filtered_with_test: 0.9440116845180136
2021-05-30 17:16:34.016697 [58142d6e]   hits_at_50_filtered: 0.495618305744888
2021-05-30 17:16:34.016709 [58142d6e]   hits_at_50_filtered_with_test: 0.5
2021-05-30 17:16:34.016721 [58142d6e]   job: search
2021-05-30 17:16:34.016733 [58142d6e]   job_id: 58142d6e-4ebe-4aed-b088-29264465bf53
2021-05-30 17:16:34.016745 [58142d6e]   lookup_embedder.dim: 300
2021-05-30 17:16:34.016757 [58142d6e]   mean_rank: 144.70691333982472
2021-05-30 17:16:34.016769 [58142d6e]   mean_rank_filtered: 125.8286270691334
2021-05-30 17:16:34.016781 [58142d6e]   mean_rank_filtered_with_test: 124.4970788704966
2021-05-30 17:16:34.016801 [58142d6e]   mean_reciprocal_rank: 0.04532011899418817
2021-05-30 17:16:34.016813 [58142d6e]   mean_reciprocal_rank_filtered: 0.11744010947579418
2021-05-30 17:16:34.016826 [58142d6e]   mean_reciprocal_rank_filtered_with_test: 0.12290785212827866
2021-05-30 17:16:34.016839 [58142d6e]   metric_name: mean_reciprocal_rank_filtered_with_test
2021-05-30 17:16:34.016852 [58142d6e]   metric_value: 0.12290785212827866
2021-05-30 17:16:34.016864 [58142d6e]   model: rotate
2021-05-30 17:16:34.016876 [58142d6e]   num_parameters: 210300
2021-05-30 17:16:34.016888 [58142d6e]   scope: train
2021-05-30 17:16:34.016899 [58142d6e]   size: 1027
2021-05-30 17:16:34.016911 [58142d6e]   split: valid
2021-05-30 17:16:34.016924 [58142d6e]   timestamp: 1622391394.006023
2021-05-30 17:16:34.016936 [58142d6e]   train.optimizer.default.args.lr: 0.8866132143884897
2021-05-30 17:16:34.016948 [58142d6e]   train.optimizer.default.args.weight_decay: 1.8557518438718654e-06
2021-05-30 17:16:34.151226 [58142d6e] Registering trial 00002 result: 0.12290785212827866
2021-05-30 17:16:34.165442 [58142d6e] Saving checkpoint to /home/jwentz/kge/local/experiments/20210530-171434-wordcraft-search-ax/checkpoint_00001.pt...
2021-05-30 17:16:34.241809 [58142d6e] Registering trial 3/49...
2021-05-30 17:16:34.328242 [58142d6e] Created trial 00003 with parameters: {'train.optimizer.default.args.lr': 0.8612306052818894, 'train.optimizer.default.args.weight_decay': 1.8829412886545943e-07, 'model': 'rescal', 'lookup_embedder.dim': 200}
2021-05-30 17:16:34.374758 [58142d6e] Saving checkpoint to /home/jwentz/kge/local/experiments/20210530-171434-wordcraft-search-ax/checkpoint_00001.pt...
2021-05-30 17:16:34.376434 [58142d6e] Starting training job /home/jwentz/kge/local/experiments/20210530-171434-wordcraft-search-ax/00003 (4/50) on device cuda...
2021-05-30 17:18:08.025132 [58142d6e] Best result in this training job:
2021-05-30 17:18:08.044222 [58142d6e]   batches: 11
2021-05-30 17:18:08.044247 [58142d6e]   child_job_id: 6f09840f-28f3-45a5-8573-140f5c593b0b
2021-05-30 17:18:08.044261 [58142d6e]   entry_id: c8edc809-9344-4101-9c34-d996e812d4a5
2021-05-30 17:18:08.044274 [58142d6e]   epoch: 165
2021-05-30 17:18:08.044287 [58142d6e]   epoch_time: 0.14451098442077637
2021-05-30 17:18:08.044299 [58142d6e]   event: search_completed
2021-05-30 17:18:08.044312 [58142d6e]   filter_splits:
2021-05-30 17:18:08.044324 [58142d6e]   - train
2021-05-30 17:18:08.044339 [58142d6e]   - valid
2021-05-30 17:18:08.044352 [58142d6e]   folder: '00003'
2021-05-30 17:18:08.044364 [58142d6e]   hits_at_1: 0.0009737098344693282
2021-05-30 17:18:08.044376 [58142d6e]   hits_at_10: 0.09250243427458618
2021-05-30 17:18:08.044389 [58142d6e]   hits_at_100: 0.5920155793573515
2021-05-30 17:18:08.044401 [58142d6e]   hits_at_100_filtered: 0.6553067185978578
2021-05-30 17:18:08.044413 [58142d6e]   hits_at_100_filtered_with_test: 0.6611489776046738
2021-05-30 17:18:08.044425 [58142d6e]   hits_at_10_filtered: 0.2414800389483934
2021-05-30 17:18:08.044438 [58142d6e]   hits_at_10_filtered_with_test: 0.24878286270691335
2021-05-30 17:18:08.044450 [58142d6e]   hits_at_1_filtered: 0.07059396299902629
2021-05-30 17:18:08.044470 [58142d6e]   hits_at_1_filtered_with_test: 0.07254138266796495
2021-05-30 17:18:08.044484 [58142d6e]   hits_at_200: 0.7726387536514119
2021-05-30 17:18:08.044497 [58142d6e]   hits_at_200_filtered: 0.8018500486854917
2021-05-30 17:18:08.044509 [58142d6e]   hits_at_200_filtered_with_test: 0.8052580331061344
2021-05-30 17:18:08.044521 [58142d6e]   hits_at_3: 0.015092502434274587
2021-05-30 17:18:08.044533 [58142d6e]   hits_at_300: 0.8661148977604675
2021-05-30 17:18:08.044545 [58142d6e]   hits_at_300_filtered: 0.8821811100292113
2021-05-30 17:18:08.044558 [58142d6e]   hits_at_300_filtered_with_test: 0.88412852969815
2021-05-30 17:18:08.044570 [58142d6e]   hits_at_3_filtered: 0.124634858812074
2021-05-30 17:18:08.044582 [58142d6e]   hits_at_3_filtered_with_test: 0.12755598831548198
2021-05-30 17:18:08.044594 [58142d6e]   hits_at_400: 0.9221032132424538
2021-05-30 17:18:08.044606 [58142d6e]   hits_at_400_filtered: 0.928919182083739
2021-05-30 17:18:08.044619 [58142d6e]   hits_at_400_filtered_with_test: 0.9298928919182085
2021-05-30 17:18:08.044632 [58142d6e]   hits_at_50: 0.3914313534566699
2021-05-30 17:18:08.044645 [58142d6e]   hits_at_500: 0.9561830574488802
2021-05-30 17:18:08.044658 [58142d6e]   hits_at_500_filtered: 0.9605647517039922
2021-05-30 17:18:08.044670 [58142d6e]   hits_at_500_filtered_with_test: 0.9610516066212269
2021-05-30 17:18:08.044686 [58142d6e]   hits_at_50_filtered: 0.502921129503408
2021-05-30 17:18:08.044702 [58142d6e]   hits_at_50_filtered_with_test: 0.508763388510224
2021-05-30 17:18:08.044718 [58142d6e]   job: search
2021-05-30 17:18:08.044733 [58142d6e]   job_id: 58142d6e-4ebe-4aed-b088-29264465bf53
2021-05-30 17:18:08.044749 [58142d6e]   lookup_embedder.dim: 200
2021-05-30 17:18:08.044762 [58142d6e]   mean_rank: 133.88948393378774
2021-05-30 17:18:08.044774 [58142d6e]   mean_rank_filtered: 112.77507302823759
2021-05-30 17:18:08.044786 [58142d6e]   mean_rank_filtered_with_test: 111.48490749756573
2021-05-30 17:18:08.044798 [58142d6e]   mean_reciprocal_rank: 0.03581056529846489
2021-05-30 17:18:08.044811 [58142d6e]   mean_reciprocal_rank_filtered: 0.1286400457900362
2021-05-30 17:18:08.044824 [58142d6e]   mean_reciprocal_rank_filtered_with_test: 0.13174661341057084
2021-05-30 17:18:08.044837 [58142d6e]   metric_name: mean_reciprocal_rank_filtered_with_test
2021-05-30 17:18:08.044850 [58142d6e]   metric_value: 0.13174661341057084
2021-05-30 17:18:08.044862 [58142d6e]   model: rescal
2021-05-30 17:18:08.044875 [58142d6e]   num_parameters: 220000
2021-05-30 17:18:08.044887 [58142d6e]   scope: train
2021-05-30 17:18:08.044903 [58142d6e]   size: 1027
2021-05-30 17:18:08.044919 [58142d6e]   split: valid
2021-05-30 17:18:08.044932 [58142d6e]   timestamp: 1622391488.0257292
2021-05-30 17:18:08.044944 [58142d6e]   train.optimizer.default.args.lr: 0.8612306052818894
2021-05-30 17:18:08.044957 [58142d6e]   train.optimizer.default.args.weight_decay: 1.8829412886545943e-07
2021-05-30 17:18:08.168874 [58142d6e] Registering trial 00003 result: 0.13174661341057084
2021-05-30 17:18:08.394955 [58142d6e] Saving checkpoint to /home/jwentz/kge/local/experiments/20210530-171434-wordcraft-search-ax/checkpoint_00001.pt...
2021-05-30 17:18:08.483274 [58142d6e] Registering trial 4/49...
2021-05-30 17:18:08.590593 [58142d6e] Created trial 00004 with parameters: {'train.optimizer.default.args.lr': 0.4975343747064471, 'train.optimizer.default.args.weight_decay': 0.008153640544511296, 'model': 'complex', 'lookup_embedder.dim': 300}
2021-05-30 17:18:08.659175 [58142d6e] Saving checkpoint to /home/jwentz/kge/local/experiments/20210530-171434-wordcraft-search-ax/checkpoint_00001.pt...
2021-05-30 17:18:08.661242 [58142d6e] Starting training job /home/jwentz/kge/local/experiments/20210530-171434-wordcraft-search-ax/00004 (5/50) on device cuda...
2021-05-30 17:18:24.862005 [58142d6e] Best result in this training job:
2021-05-30 17:18:24.871620 [58142d6e]   batches: 11
2021-05-30 17:18:24.871631 [58142d6e]   child_job_id: 2350292a-7c16-442a-b683-7f94f0813149
2021-05-30 17:18:24.871638 [58142d6e]   entry_id: 06f574c4-3d9b-4fde-8fd3-cf9042e6980c
2021-05-30 17:18:24.871644 [58142d6e]   epoch: 5
2021-05-30 17:18:24.871650 [58142d6e]   epoch_time: 0.1578388214111328
2021-05-30 17:18:24.871656 [58142d6e]   event: search_completed
2021-05-30 17:18:24.871661 [58142d6e]   filter_splits:
2021-05-30 17:18:24.871667 [58142d6e]   - train
2021-05-30 17:18:24.871673 [58142d6e]   - valid
2021-05-30 17:18:24.871679 [58142d6e]   folder: '00004'
2021-05-30 17:18:24.871685 [58142d6e]   hits_at_1: 0.0034079844206426485
2021-05-30 17:18:24.871690 [58142d6e]   hits_at_10: 0.022882181110029213
2021-05-30 17:18:24.871696 [58142d6e]   hits_at_100: 0.22151898734177217
2021-05-30 17:18:24.871701 [58142d6e]   hits_at_100_filtered: 0.2332035053554041
2021-05-30 17:18:24.871707 [58142d6e]   hits_at_100_filtered_with_test: 0.23417721518987342
2021-05-30 17:18:24.871712 [58142d6e]   hits_at_10_filtered: 0.023369036027263874
2021-05-30 17:18:24.871718 [58142d6e]   hits_at_10_filtered_with_test: 0.023369036027263874
2021-05-30 17:18:24.871723 [58142d6e]   hits_at_1_filtered: 0.004868549172346641
2021-05-30 17:18:24.871729 [58142d6e]   hits_at_1_filtered_with_test: 0.004868549172346641
2021-05-30 17:18:24.871734 [58142d6e]   hits_at_200: 0.3880233690360273
2021-05-30 17:18:24.871740 [58142d6e]   hits_at_200_filtered: 0.40311587147030187
2021-05-30 17:18:24.871745 [58142d6e]   hits_at_200_filtered_with_test: 0.4036027263875365
2021-05-30 17:18:24.871751 [58142d6e]   hits_at_3: 0.009737098344693282
2021-05-30 17:18:24.871756 [58142d6e]   hits_at_300: 0.4873417721518988
2021-05-30 17:18:24.871761 [58142d6e]   hits_at_300_filtered: 0.498539435248296
2021-05-30 17:18:24.871767 [58142d6e]   hits_at_300_filtered_with_test: 0.4990262901655307
2021-05-30 17:18:24.871772 [58142d6e]   hits_at_3_filtered: 0.01071080817916261
2021-05-30 17:18:24.871789 [58142d6e]   hits_at_3_filtered_with_test: 0.01071080817916261
2021-05-30 17:18:24.871795 [58142d6e]   hits_at_400: 0.560856864654333
2021-05-30 17:18:24.871800 [58142d6e]   hits_at_400_filtered: 0.5749756572541382
2021-05-30 17:18:24.871806 [58142d6e]   hits_at_400_filtered_with_test: 0.5759493670886077
2021-05-30 17:18:24.871815 [58142d6e]   hits_at_50: 0.1017526777020448
2021-05-30 17:18:24.871822 [58142d6e]   hits_at_500: 0.6514118792599806
2021-05-30 17:18:24.871828 [58142d6e]   hits_at_500_filtered: 0.6762414800389485
2021-05-30 17:18:24.871833 [58142d6e]   hits_at_500_filtered_with_test: 0.6801363193768257
2021-05-30 17:18:24.871839 [58142d6e]   hits_at_50_filtered: 0.1139240506329114
2021-05-30 17:18:24.871845 [58142d6e]   hits_at_50_filtered_with_test: 0.11441090555014606
2021-05-30 17:18:24.871865 [58142d6e]   job: search
2021-05-30 17:18:24.871871 [58142d6e]   job_id: 58142d6e-4ebe-4aed-b088-29264465bf53
2021-05-30 17:18:24.871877 [58142d6e]   lookup_embedder.dim: 300
2021-05-30 17:18:24.871882 [58142d6e]   mean_rank: 338.95569620253167
2021-05-30 17:18:24.871888 [58142d6e]   mean_rank_filtered: 325.25608568646544
2021-05-30 17:18:24.871893 [58142d6e]   mean_rank_filtered_with_test: 323.94595910418695
2021-05-30 17:18:24.871900 [58142d6e]   mean_reciprocal_rank: 0.01619861235056787
2021-05-30 17:18:24.871906 [58142d6e]   mean_reciprocal_rank_filtered: 0.017631432329900307
2021-05-30 17:18:24.871912 [58142d6e]   mean_reciprocal_rank_filtered_with_test: 0.017677764001120148
2021-05-30 17:18:24.871918 [58142d6e]   metric_name: mean_reciprocal_rank_filtered_with_test
2021-05-30 17:18:24.871924 [58142d6e]   metric_value: 0.017677764001120148
