2021-05-30 17:15:30.096721 [2cb4230a] Initializing 1-to-N training job...
2021-05-30 17:15:30.216459 [2cb4230a] Saving checkpoint to /home/jwentz/kge/local/experiments/20210530-171434-wordcraft-search-ax/00001/checkpoint_00000.pt...
2021-05-30 17:15:30.254089 [2cb4230a] Starting training...
2021-05-30 17:15:30.254951 [2cb4230a] Starting epoch 1...
2021-05-30 17:15:30.291677 [2cb4230a] CUDA memory after first batch: allocated=     1,691,648 reserved=     6,291,456 max_allocated=     4,582,400
2021-05-30 17:15:30.756817 [2cb4230a] avg_cost: 8.919343620417946
2021-05-30 17:15:30.756831 [2cb4230a] avg_loss: 8.919343620417946
2021-05-30 17:15:30.756838 [2cb4230a] avg_penalties: {}
2021-05-30 17:15:30.756841 [2cb4230a] avg_penalty: 0.0
2021-05-30 17:15:30.756844 [2cb4230a] backward_time: 0.03681635856628418
2021-05-30 17:15:30.756847 [2cb4230a] batches: 23
2021-05-30 17:15:30.756850 [2cb4230a] entry_id: 908f10ad-6c3d-4273-8123-18c419a064c9
2021-05-30 17:15:30.756853 [2cb4230a] epoch: 1
2021-05-30 17:15:30.756856 [2cb4230a] epoch_time: 0.49659276008605957
2021-05-30 17:15:30.756859 [2cb4230a] event: epoch_completed
2021-05-30 17:15:30.756862 [2cb4230a] forward_time: 0.04373741149902344
2021-05-30 17:15:30.756865 [2cb4230a] job: train
2021-05-30 17:15:30.756868 [2cb4230a] job_id: 2cb4230a-848c-48db-8ebd-981b480beada
2021-05-30 17:15:30.756871 [2cb4230a] lr:
2021-05-30 17:15:30.756874 [2cb4230a] - 0.2573074772953987
2021-05-30 17:15:30.756877 [2cb4230a] num_parameters: 140400
2021-05-30 17:15:30.756880 [2cb4230a] optimizer_time: 0.007242441177368164
2021-05-30 17:15:30.756883 [2cb4230a] other_time: 0.38186168670654297
2021-05-30 17:15:30.756886 [2cb4230a] parent_job_id: 58142d6e-4ebe-4aed-b088-29264465bf53
2021-05-30 17:15:30.756889 [2cb4230a] prepare_time: 0.02693486213684082
2021-05-30 17:15:30.756892 [2cb4230a] scope: epoch
2021-05-30 17:15:30.756894 [2cb4230a] size: 2221
2021-05-30 17:15:30.756897 [2cb4230a] split: train
2021-05-30 17:15:30.756903 [2cb4230a] timestamp: 1622391330.7522266
2021-05-30 17:15:30.756906 [2cb4230a] type: KvsAll
2021-05-30 17:15:30.760094 [2cb4230a]   avg_cost: 8.919343620417946
2021-05-30 17:15:30.760108 [2cb4230a]   avg_loss: 8.919343620417946
2021-05-30 17:15:30.760116 [2cb4230a]   avg_penalties: {}
2021-05-30 17:15:30.760124 [2cb4230a]   avg_penalty: 0.0
2021-05-30 17:15:30.760131 [2cb4230a]   backward_time: 0.03681635856628418
2021-05-30 17:15:30.760139 [2cb4230a]   batches: 23
2021-05-30 17:15:30.760146 [2cb4230a]   entry_id: 908f10ad-6c3d-4273-8123-18c419a064c9
2021-05-30 17:15:30.760153 [2cb4230a]   epoch: 1
2021-05-30 17:15:30.760161 [2cb4230a]   epoch_time: 0.49659276008605957
2021-05-30 17:15:30.760168 [2cb4230a]   event: epoch_completed
2021-05-30 17:15:30.760175 [2cb4230a]   forward_time: 0.04373741149902344
2021-05-30 17:15:30.760182 [2cb4230a]   job: train
2021-05-30 17:15:30.760190 [2cb4230a]   job_id: 2cb4230a-848c-48db-8ebd-981b480beada
2021-05-30 17:15:30.760197 [2cb4230a]   lr:
2021-05-30 17:15:30.760204 [2cb4230a]   - 0.2573074772953987
2021-05-30 17:15:30.760211 [2cb4230a]   num_parameters: 140400
2021-05-30 17:15:30.760219 [2cb4230a]   optimizer_time: 0.007242441177368164
2021-05-30 17:15:30.760226 [2cb4230a]   other_time: 0.38186168670654297
2021-05-30 17:15:30.760234 [2cb4230a]   parent_job_id: 58142d6e-4ebe-4aed-b088-29264465bf53
2021-05-30 17:15:30.760241 [2cb4230a]   prepare_time: 0.02693486213684082
2021-05-30 17:15:30.760248 [2cb4230a]   scope: epoch
2021-05-30 17:15:30.760255 [2cb4230a]   size: 2221
2021-05-30 17:15:30.760262 [2cb4230a]   split: train
2021-05-30 17:15:30.760270 [2cb4230a]   timestamp: 1622391330.7522266
2021-05-30 17:15:30.760277 [2cb4230a]   type: KvsAll
2021-05-30 17:15:30.760874 [2cb4230a] Finished epoch 1.
2021-05-30 17:15:30.761436 [2cb4230a] Saving checkpoint to /home/jwentz/kge/local/experiments/20210530-171434-wordcraft-search-ax/00001/checkpoint_00001.pt...
2021-05-30 17:15:30.797769 [2cb4230a] Starting epoch 2...
2021-05-30 17:15:31.302898 [2cb4230a] avg_cost: 5.104226374186036
2021-05-30 17:15:31.302912 [2cb4230a] avg_loss: 5.104226374186036
2021-05-30 17:15:31.302916 [2cb4230a] avg_penalties: {}
2021-05-30 17:15:31.302919 [2cb4230a] avg_penalty: 0.0
2021-05-30 17:15:31.302922 [2cb4230a] backward_time: 0.037097930908203125
2021-05-30 17:15:31.302925 [2cb4230a] batches: 23
2021-05-30 17:15:31.302928 [2cb4230a] entry_id: f9d2d187-d3ee-4667-875a-b8398cc7296b
2021-05-30 17:15:31.302931 [2cb4230a] epoch: 2
2021-05-30 17:15:31.302934 [2cb4230a] epoch_time: 0.4998784065246582
2021-05-30 17:15:31.302937 [2cb4230a] event: epoch_completed
2021-05-30 17:15:31.302940 [2cb4230a] forward_time: 0.04204511642456055
2021-05-30 17:15:31.302942 [2cb4230a] job: train
2021-05-30 17:15:31.302945 [2cb4230a] job_id: 2cb4230a-848c-48db-8ebd-981b480beada
2021-05-30 17:15:31.302948 [2cb4230a] lr:
2021-05-30 17:15:31.302951 [2cb4230a] - 0.2573074772953987
2021-05-30 17:15:31.302954 [2cb4230a] num_parameters: 140400
2021-05-30 17:15:31.302957 [2cb4230a] optimizer_time: 0.0070455074310302734
2021-05-30 17:15:31.302960 [2cb4230a] other_time: 0.38710856437683105
2021-05-30 17:15:31.302963 [2cb4230a] parent_job_id: 58142d6e-4ebe-4aed-b088-29264465bf53
2021-05-30 17:15:31.302966 [2cb4230a] prepare_time: 0.026581287384033203
2021-05-30 17:15:31.302968 [2cb4230a] scope: epoch
2021-05-30 17:15:31.302971 [2cb4230a] size: 2221
2021-05-30 17:15:31.302974 [2cb4230a] split: train
2021-05-30 17:15:31.302977 [2cb4230a] timestamp: 1622391331.2981396
2021-05-30 17:15:31.302980 [2cb4230a] type: KvsAll
2021-05-30 17:15:31.306148 [2cb4230a]   avg_cost: 5.104226374186036
2021-05-30 17:15:31.306163 [2cb4230a]   avg_loss: 5.104226374186036
2021-05-30 17:15:31.306171 [2cb4230a]   avg_penalties: {}
2021-05-30 17:15:31.306179 [2cb4230a]   avg_penalty: 0.0
2021-05-30 17:15:31.306186 [2cb4230a]   backward_time: 0.037097930908203125
2021-05-30 17:15:31.306193 [2cb4230a]   batches: 23
2021-05-30 17:15:31.306200 [2cb4230a]   entry_id: f9d2d187-d3ee-4667-875a-b8398cc7296b
2021-05-30 17:15:31.306208 [2cb4230a]   epoch: 2
2021-05-30 17:15:31.306215 [2cb4230a]   epoch_time: 0.4998784065246582
2021-05-30 17:15:31.306222 [2cb4230a]   event: epoch_completed
2021-05-30 17:15:31.306229 [2cb4230a]   forward_time: 0.04204511642456055
2021-05-30 17:15:31.306236 [2cb4230a]   job: train
2021-05-30 17:15:31.306243 [2cb4230a]   job_id: 2cb4230a-848c-48db-8ebd-981b480beada
2021-05-30 17:15:31.306250 [2cb4230a]   lr:
2021-05-30 17:15:31.306257 [2cb4230a]   - 0.2573074772953987
2021-05-30 17:15:31.306265 [2cb4230a]   num_parameters: 140400
2021-05-30 17:15:31.306272 [2cb4230a]   optimizer_time: 0.0070455074310302734
2021-05-30 17:15:31.306279 [2cb4230a]   other_time: 0.38710856437683105
2021-05-30 17:15:31.306286 [2cb4230a]   parent_job_id: 58142d6e-4ebe-4aed-b088-29264465bf53
2021-05-30 17:15:31.306293 [2cb4230a]   prepare_time: 0.026581287384033203
2021-05-30 17:15:31.306300 [2cb4230a]   scope: epoch
2021-05-30 17:15:31.306307 [2cb4230a]   size: 2221
2021-05-30 17:15:31.306314 [2cb4230a]   split: train
2021-05-30 17:15:31.306322 [2cb4230a]   timestamp: 1622391331.2981396
2021-05-30 17:15:31.306328 [2cb4230a]   type: KvsAll
2021-05-30 17:15:31.306887 [2cb4230a] Finished epoch 2.
2021-05-30 17:15:31.307421 [2cb4230a] Saving checkpoint to /home/jwentz/kge/local/experiments/20210530-171434-wordcraft-search-ax/00001/checkpoint_00002.pt...
2021-05-30 17:15:31.318825 [2cb4230a] Removing old checkpoint /home/jwentz/kge/local/experiments/20210530-171434-wordcraft-search-ax/00001/checkpoint_00001.pt...
2021-05-30 17:15:31.319962 [2cb4230a] Starting epoch 3...
2021-05-30 17:15:31.771439 [2cb4230a] avg_cost: 5.1038285659165705
2021-05-30 17:15:31.771451 [2cb4230a] avg_loss: 5.1038285659165705
2021-05-30 17:15:31.771454 [2cb4230a] avg_penalties: {}
2021-05-30 17:15:31.771457 [2cb4230a] avg_penalty: 0.0
2021-05-30 17:15:31.771459 [2cb4230a] backward_time: 0.03421640396118164
2021-05-30 17:15:31.771461 [2cb4230a] batches: 23
2021-05-30 17:15:31.771463 [2cb4230a] entry_id: 37ede6bd-43c7-4d21-93c7-f9d0e58a1fc7
2021-05-30 17:15:31.771465 [2cb4230a] epoch: 3
2021-05-30 17:15:31.771467 [2cb4230a] epoch_time: 0.447528600692749
2021-05-30 17:15:31.771469 [2cb4230a] event: epoch_completed
2021-05-30 17:15:31.771471 [2cb4230a] forward_time: 0.03799033164978027
2021-05-30 17:15:31.771473 [2cb4230a] job: train
2021-05-30 17:15:31.771475 [2cb4230a] job_id: 2cb4230a-848c-48db-8ebd-981b480beada
2021-05-30 17:15:31.771477 [2cb4230a] lr:
2021-05-30 17:15:31.771479 [2cb4230a] - 0.2573074772953987
2021-05-30 17:15:31.771481 [2cb4230a] num_parameters: 140400
2021-05-30 17:15:31.771483 [2cb4230a] optimizer_time: 0.006488800048828125
2021-05-30 17:15:31.771485 [2cb4230a] other_time: 0.3445158004760742
2021-05-30 17:15:31.771487 [2cb4230a] parent_job_id: 58142d6e-4ebe-4aed-b088-29264465bf53
2021-05-30 17:15:31.771489 [2cb4230a] prepare_time: 0.024317264556884766
2021-05-30 17:15:31.771491 [2cb4230a] scope: epoch
2021-05-30 17:15:31.771493 [2cb4230a] size: 2221
2021-05-30 17:15:31.771495 [2cb4230a] split: train
2021-05-30 17:15:31.771498 [2cb4230a] timestamp: 1622391331.767914
2021-05-30 17:15:31.771500 [2cb4230a] type: KvsAll
2021-05-30 17:15:31.774127 [2cb4230a]   avg_cost: 5.1038285659165705
2021-05-30 17:15:31.774138 [2cb4230a]   avg_loss: 5.1038285659165705
2021-05-30 17:15:31.774144 [2cb4230a]   avg_penalties: {}
2021-05-30 17:15:31.774150 [2cb4230a]   avg_penalty: 0.0
2021-05-30 17:15:31.774155 [2cb4230a]   backward_time: 0.03421640396118164
2021-05-30 17:15:31.774160 [2cb4230a]   batches: 23
2021-05-30 17:15:31.774165 [2cb4230a]   entry_id: 37ede6bd-43c7-4d21-93c7-f9d0e58a1fc7
2021-05-30 17:15:31.774170 [2cb4230a]   epoch: 3
2021-05-30 17:15:31.774175 [2cb4230a]   epoch_time: 0.447528600692749
2021-05-30 17:15:31.774180 [2cb4230a]   event: epoch_completed
2021-05-30 17:15:31.774185 [2cb4230a]   forward_time: 0.03799033164978027
2021-05-30 17:15:31.774190 [2cb4230a]   job: train
2021-05-30 17:15:31.774195 [2cb4230a]   job_id: 2cb4230a-848c-48db-8ebd-981b480beada
2021-05-30 17:15:31.774200 [2cb4230a]   lr:
2021-05-30 17:15:31.774206 [2cb4230a]   - 0.2573074772953987
2021-05-30 17:15:31.774211 [2cb4230a]   num_parameters: 140400
2021-05-30 17:15:31.774216 [2cb4230a]   optimizer_time: 0.006488800048828125
2021-05-30 17:15:31.774221 [2cb4230a]   other_time: 0.3445158004760742
2021-05-30 17:15:31.774226 [2cb4230a]   parent_job_id: 58142d6e-4ebe-4aed-b088-29264465bf53
2021-05-30 17:15:31.774231 [2cb4230a]   prepare_time: 0.024317264556884766
2021-05-30 17:15:31.774236 [2cb4230a]   scope: epoch
2021-05-30 17:15:31.774241 [2cb4230a]   size: 2221
2021-05-30 17:15:31.774246 [2cb4230a]   split: train
2021-05-30 17:15:31.774251 [2cb4230a]   timestamp: 1622391331.767914
2021-05-30 17:15:31.774256 [2cb4230a]   type: KvsAll
2021-05-30 17:15:31.774892 [2cb4230a] Finished epoch 3.
2021-05-30 17:15:31.775442 [2cb4230a] Saving checkpoint to /home/jwentz/kge/local/experiments/20210530-171434-wordcraft-search-ax/00001/checkpoint_00003.pt...
2021-05-30 17:15:31.798120 [2cb4230a] Removing old checkpoint /home/jwentz/kge/local/experiments/20210530-171434-wordcraft-search-ax/00001/checkpoint_00002.pt...
2021-05-30 17:15:31.799520 [2cb4230a] Starting epoch 4...
2021-05-30 17:15:32.159212 [2cb4230a] avg_cost: 5.103928792696716
2021-05-30 17:15:32.159224 [2cb4230a] avg_loss: 5.103928792696716
2021-05-30 17:15:32.159227 [2cb4230a] avg_penalties: {}
2021-05-30 17:15:32.159230 [2cb4230a] avg_penalty: 0.0
2021-05-30 17:15:32.159232 [2cb4230a] backward_time: 0.03514719009399414
2021-05-30 17:15:32.159235 [2cb4230a] batches: 23
2021-05-30 17:15:32.159237 [2cb4230a] entry_id: 2e212702-829a-4c6a-9673-cb1e6810e349
2021-05-30 17:15:32.159239 [2cb4230a] epoch: 4
2021-05-30 17:15:32.159241 [2cb4230a] epoch_time: 0.3555328845977783
2021-05-30 17:15:32.159244 [2cb4230a] event: epoch_completed
2021-05-30 17:15:32.159246 [2cb4230a] forward_time: 0.03340005874633789
2021-05-30 17:15:32.159248 [2cb4230a] job: train
2021-05-30 17:15:32.159250 [2cb4230a] job_id: 2cb4230a-848c-48db-8ebd-981b480beada
2021-05-30 17:15:32.159252 [2cb4230a] lr:
2021-05-30 17:15:32.159255 [2cb4230a] - 0.2573074772953987
2021-05-30 17:15:32.159257 [2cb4230a] num_parameters: 140400
2021-05-30 17:15:32.159259 [2cb4230a] optimizer_time: 0.005625486373901367
2021-05-30 17:15:32.159261 [2cb4230a] other_time: 0.261615514755249
2021-05-30 17:15:32.159263 [2cb4230a] parent_job_id: 58142d6e-4ebe-4aed-b088-29264465bf53
2021-05-30 17:15:32.159265 [2cb4230a] prepare_time: 0.0197446346282959
2021-05-30 17:15:32.159268 [2cb4230a] scope: epoch
2021-05-30 17:15:32.159270 [2cb4230a] size: 2221
2021-05-30 17:15:32.159272 [2cb4230a] split: train
2021-05-30 17:15:32.159274 [2cb4230a] timestamp: 1622391332.1556306
2021-05-30 17:15:32.159276 [2cb4230a] type: KvsAll
2021-05-30 17:15:32.162024 [2cb4230a]   avg_cost: 5.103928792696716
2021-05-30 17:15:32.162035 [2cb4230a]   avg_loss: 5.103928792696716
2021-05-30 17:15:32.162045 [2cb4230a]   avg_penalties: {}
2021-05-30 17:15:32.162051 [2cb4230a]   avg_penalty: 0.0
2021-05-30 17:15:32.162056 [2cb4230a]   backward_time: 0.03514719009399414
2021-05-30 17:15:32.162062 [2cb4230a]   batches: 23
2021-05-30 17:15:32.162067 [2cb4230a]   entry_id: 2e212702-829a-4c6a-9673-cb1e6810e349
2021-05-30 17:15:32.162073 [2cb4230a]   epoch: 4
2021-05-30 17:15:32.162078 [2cb4230a]   epoch_time: 0.3555328845977783
2021-05-30 17:15:32.162083 [2cb4230a]   event: epoch_completed
2021-05-30 17:15:32.162089 [2cb4230a]   forward_time: 0.03340005874633789
2021-05-30 17:15:32.162094 [2cb4230a]   job: train
2021-05-30 17:15:32.162100 [2cb4230a]   job_id: 2cb4230a-848c-48db-8ebd-981b480beada
2021-05-30 17:15:32.162105 [2cb4230a]   lr:
2021-05-30 17:15:32.162111 [2cb4230a]   - 0.2573074772953987
2021-05-30 17:15:32.162116 [2cb4230a]   num_parameters: 140400
2021-05-30 17:15:32.162122 [2cb4230a]   optimizer_time: 0.005625486373901367
2021-05-30 17:15:32.162127 [2cb4230a]   other_time: 0.261615514755249
2021-05-30 17:15:32.162133 [2cb4230a]   parent_job_id: 58142d6e-4ebe-4aed-b088-29264465bf53
2021-05-30 17:15:32.162138 [2cb4230a]   prepare_time: 0.0197446346282959
2021-05-30 17:15:32.162144 [2cb4230a]   scope: epoch
2021-05-30 17:15:32.162149 [2cb4230a]   size: 2221
2021-05-30 17:15:32.162155 [2cb4230a]   split: train
2021-05-30 17:15:32.162160 [2cb4230a]   timestamp: 1622391332.1556306
2021-05-30 17:15:32.162165 [2cb4230a]   type: KvsAll
2021-05-30 17:15:32.162697 [2cb4230a] Finished epoch 4.
2021-05-30 17:15:32.163243 [2cb4230a] Saving checkpoint to /home/jwentz/kge/local/experiments/20210530-171434-wordcraft-search-ax/00001/checkpoint_00004.pt...
2021-05-30 17:15:32.181540 [2cb4230a] Removing old checkpoint /home/jwentz/kge/local/experiments/20210530-171434-wordcraft-search-ax/00001/checkpoint_00003.pt...
2021-05-30 17:15:32.182916 [2cb4230a] Starting epoch 5...
2021-05-30 17:15:32.534647 [2cb4230a] avg_cost: 5.103954667124003
2021-05-30 17:15:32.534659 [2cb4230a] avg_loss: 5.103954667124003
2021-05-30 17:15:32.534662 [2cb4230a] avg_penalties: {}
2021-05-30 17:15:32.534665 [2cb4230a] avg_penalty: 0.0
2021-05-30 17:15:32.534667 [2cb4230a] backward_time: 0.03213787078857422
2021-05-30 17:15:32.534669 [2cb4230a] batches: 23
2021-05-30 17:15:32.534672 [2cb4230a] entry_id: cc66de94-69de-4119-acb2-636ba6bac454
2021-05-30 17:15:32.534674 [2cb4230a] epoch: 5
2021-05-30 17:15:32.534676 [2cb4230a] epoch_time: 0.34764552116394043
2021-05-30 17:15:32.534678 [2cb4230a] event: epoch_completed
2021-05-30 17:15:32.534681 [2cb4230a] forward_time: 0.033220529556274414
2021-05-30 17:15:32.534683 [2cb4230a] job: train
2021-05-30 17:15:32.534685 [2cb4230a] job_id: 2cb4230a-848c-48db-8ebd-981b480beada
2021-05-30 17:15:32.534687 [2cb4230a] lr:
2021-05-30 17:15:32.534689 [2cb4230a] - 0.2573074772953987
2021-05-30 17:15:32.534691 [2cb4230a] num_parameters: 140400
2021-05-30 17:15:32.534694 [2cb4230a] optimizer_time: 0.005545139312744141
2021-05-30 17:15:32.534696 [2cb4230a] other_time: 0.257021427154541
2021-05-30 17:15:32.534698 [2cb4230a] parent_job_id: 58142d6e-4ebe-4aed-b088-29264465bf53
2021-05-30 17:15:32.534700 [2cb4230a] prepare_time: 0.01972055435180664
2021-05-30 17:15:32.534702 [2cb4230a] scope: epoch
2021-05-30 17:15:32.534704 [2cb4230a] size: 2221
2021-05-30 17:15:32.534706 [2cb4230a] split: train
2021-05-30 17:15:32.534709 [2cb4230a] timestamp: 1622391332.5311284
2021-05-30 17:15:32.534711 [2cb4230a] type: KvsAll
2021-05-30 17:15:32.537349 [2cb4230a]   avg_cost: 5.103954667124003
2021-05-30 17:15:32.537360 [2cb4230a]   avg_loss: 5.103954667124003
2021-05-30 17:15:32.537380 [2cb4230a]   avg_penalties: {}
2021-05-30 17:15:32.537386 [2cb4230a]   avg_penalty: 0.0
2021-05-30 17:15:32.537391 [2cb4230a]   backward_time: 0.03213787078857422
2021-05-30 17:15:32.537396 [2cb4230a]   batches: 23
2021-05-30 17:15:32.537401 [2cb4230a]   entry_id: cc66de94-69de-4119-acb2-636ba6bac454
2021-05-30 17:15:32.537406 [2cb4230a]   epoch: 5
2021-05-30 17:15:32.537411 [2cb4230a]   epoch_time: 0.34764552116394043
2021-05-30 17:15:32.537416 [2cb4230a]   event: epoch_completed
2021-05-30 17:15:32.537421 [2cb4230a]   forward_time: 0.033220529556274414
2021-05-30 17:15:32.537426 [2cb4230a]   job: train
2021-05-30 17:15:32.537431 [2cb4230a]   job_id: 2cb4230a-848c-48db-8ebd-981b480beada
2021-05-30 17:15:32.537436 [2cb4230a]   lr:
2021-05-30 17:15:32.537441 [2cb4230a]   - 0.2573074772953987
2021-05-30 17:15:32.537446 [2cb4230a]   num_parameters: 140400
2021-05-30 17:15:32.537452 [2cb4230a]   optimizer_time: 0.005545139312744141
2021-05-30 17:15:32.537457 [2cb4230a]   other_time: 0.257021427154541
2021-05-30 17:15:32.537462 [2cb4230a]   parent_job_id: 58142d6e-4ebe-4aed-b088-29264465bf53
2021-05-30 17:15:32.537467 [2cb4230a]   prepare_time: 0.01972055435180664
2021-05-30 17:15:32.537472 [2cb4230a]   scope: epoch
2021-05-30 17:15:32.537477 [2cb4230a]   size: 2221
2021-05-30 17:15:32.537482 [2cb4230a]   split: train
2021-05-30 17:15:32.537487 [2cb4230a]   timestamp: 1622391332.5311284
2021-05-30 17:15:32.537492 [2cb4230a]   type: KvsAll
2021-05-30 17:15:32.538012 [2cb4230a] Finished epoch 5.
2021-05-30 17:15:32.538781 [6317aebc] Evaluating on valid data (epoch 5)...
2021-05-30 17:15:32.691649 [6317aebc] batches: 11
2021-05-30 17:15:32.691664 [6317aebc] entry_id: 14bfd685-4fc4-47f9-bcba-b87075f45ec0
2021-05-30 17:15:32.691668 [6317aebc] epoch: 5
2021-05-30 17:15:32.691671 [6317aebc] epoch_time: 0.1428530216217041
2021-05-30 17:15:32.691674 [6317aebc] event: eval_completed
2021-05-30 17:15:32.691677 [6317aebc] filter_splits:
2021-05-30 17:15:32.691680 [6317aebc] - train
2021-05-30 17:15:32.691683 [6317aebc] - valid
2021-05-30 17:15:32.691686 [6317aebc] hits_at_1: 0.0019474196689386564
2021-05-30 17:15:32.691689 [6317aebc] hits_at_10: 0.026777020447906526
2021-05-30 17:15:32.691692 [6317aebc] hits_at_100: 0.16163583252190847
2021-05-30 17:15:32.691694 [6317aebc] hits_at_100_filtered: 0.1665043816942551
2021-05-30 17:15:32.691697 [6317aebc] hits_at_100_filtered_with_test: 0.1665043816942551
2021-05-30 17:15:32.691700 [6317aebc] hits_at_10_filtered: 0.026777020447906526
2021-05-30 17:15:32.691703 [6317aebc] hits_at_10_filtered_with_test: 0.026777020447906526
2021-05-30 17:15:32.691706 [6317aebc] hits_at_1_filtered: 0.0019474196689386564
2021-05-30 17:15:32.691709 [6317aebc] hits_at_1_filtered_with_test: 0.0019474196689386564
2021-05-30 17:15:32.691712 [6317aebc] hits_at_200: 0.32181110029211296
2021-05-30 17:15:32.691715 [6317aebc] hits_at_200_filtered: 0.3388510223953262
2021-05-30 17:15:32.691718 [6317aebc] hits_at_200_filtered_with_test: 0.33982473222979553
2021-05-30 17:15:32.691720 [6317aebc] hits_at_3: 0.008763388510223954
2021-05-30 17:15:32.691723 [6317aebc] hits_at_300: 0.4595910418695229
2021-05-30 17:15:32.691726 [6317aebc] hits_at_300_filtered: 0.4761441090555015
2021-05-30 17:15:32.691729 [6317aebc] hits_at_300_filtered_with_test: 0.4780915287244401
2021-05-30 17:15:32.691732 [6317aebc] hits_at_3_filtered: 0.009737098344693282
2021-05-30 17:15:32.691735 [6317aebc] hits_at_3_filtered_with_test: 0.009737098344693282
2021-05-30 17:15:32.691738 [6317aebc] hits_at_400: 0.5720545277507303
2021-05-30 17:15:32.691740 [6317aebc] hits_at_400_filtered: 0.5900681596884129
2021-05-30 17:15:32.691743 [6317aebc] hits_at_400_filtered_with_test: 0.5925024342745862
2021-05-30 17:15:32.691746 [6317aebc] hits_at_50: 0.08568646543330088
2021-05-30 17:15:32.691749 [6317aebc] hits_at_500: 0.691333982473223
2021-05-30 17:15:32.691752 [6317aebc] hits_at_500_filtered: 0.7210321324245376
2021-05-30 17:15:32.691754 [6317aebc] hits_at_500_filtered_with_test: 0.7220058422590069
2021-05-30 17:15:32.691757 [6317aebc] hits_at_50_filtered: 0.08714703018500487
2021-05-30 17:15:32.691760 [6317aebc] hits_at_50_filtered_with_test: 0.0881207400194742
2021-05-30 17:15:32.691763 [6317aebc] job: eval
2021-05-30 17:15:32.691766 [6317aebc] job_id: 6317aebc-7abb-43d1-8bb7-9a3e280a8db2
2021-05-30 17:15:32.691769 [6317aebc] mean_rank: 346.4269717624148
2021-05-30 17:15:32.691772 [6317aebc] mean_rank_filtered: 333.1134371957157
2021-05-30 17:15:32.691774 [6317aebc] mean_rank_filtered_with_test: 331.6815968841285
2021-05-30 17:15:32.691777 [6317aebc] mean_reciprocal_rank: 0.01373235206641148
2021-05-30 17:15:32.691780 [6317aebc] mean_reciprocal_rank_filtered: 0.014256714149482527
2021-05-30 17:15:32.691783 [6317aebc] mean_reciprocal_rank_filtered_with_test: 0.014282487499679076
2021-05-30 17:15:32.691786 [6317aebc] num_parameters: 140400
2021-05-30 17:15:32.691789 [6317aebc] parent_job_id: 2cb4230a-848c-48db-8ebd-981b480beada
2021-05-30 17:15:32.691792 [6317aebc] scope: epoch
2021-05-30 17:15:32.691794 [6317aebc] size: 1027
2021-05-30 17:15:32.691797 [6317aebc] split: valid
2021-05-30 17:15:32.691800 [6317aebc] timestamp: 1622391332.682234
2021-05-30 17:15:32.691803 [6317aebc] type: entity_ranking
2021-05-30 17:15:32.697506 [6317aebc]   batches: 11
2021-05-30 17:15:32.697521 [6317aebc]   entry_id: 14bfd685-4fc4-47f9-bcba-b87075f45ec0
2021-05-30 17:15:32.697529 [6317aebc]   epoch: 5
2021-05-30 17:15:32.697537 [6317aebc]   epoch_time: 0.1428530216217041
2021-05-30 17:15:32.697544 [6317aebc]   event: eval_completed
2021-05-30 17:15:32.697551 [6317aebc]   filter_splits:
2021-05-30 17:15:32.697558 [6317aebc]   - train
2021-05-30 17:15:32.697565 [6317aebc]   - valid
2021-05-30 17:15:32.697572 [6317aebc]   hits_at_1: 0.0019474196689386564
2021-05-30 17:15:32.697579 [6317aebc]   hits_at_10: 0.026777020447906526
2021-05-30 17:15:32.697586 [6317aebc]   hits_at_100: 0.16163583252190847
2021-05-30 17:15:32.697593 [6317aebc]   hits_at_100_filtered: 0.1665043816942551
2021-05-30 17:15:32.697601 [6317aebc]   hits_at_100_filtered_with_test: 0.1665043816942551
2021-05-30 17:15:32.697608 [6317aebc]   hits_at_10_filtered: 0.026777020447906526
2021-05-30 17:15:32.697615 [6317aebc]   hits_at_10_filtered_with_test: 0.026777020447906526
2021-05-30 17:15:32.697622 [6317aebc]   hits_at_1_filtered: 0.0019474196689386564
2021-05-30 17:15:32.697629 [6317aebc]   hits_at_1_filtered_with_test: 0.0019474196689386564
2021-05-30 17:15:32.697636 [6317aebc]   hits_at_200: 0.32181110029211296
2021-05-30 17:15:32.697643 [6317aebc]   hits_at_200_filtered: 0.3388510223953262
2021-05-30 17:15:32.697650 [6317aebc]   hits_at_200_filtered_with_test: 0.33982473222979553
2021-05-30 17:15:32.697658 [6317aebc]   hits_at_3: 0.008763388510223954
2021-05-30 17:15:32.697665 [6317aebc]   hits_at_300: 0.4595910418695229
2021-05-30 17:15:32.697671 [6317aebc]   hits_at_300_filtered: 0.4761441090555015
2021-05-30 17:15:32.697678 [6317aebc]   hits_at_300_filtered_with_test: 0.4780915287244401
2021-05-30 17:15:32.697685 [6317aebc]   hits_at_3_filtered: 0.009737098344693282
2021-05-30 17:15:32.697696 [6317aebc]   hits_at_3_filtered_with_test: 0.009737098344693282
2021-05-30 17:15:32.697703 [6317aebc]   hits_at_400: 0.5720545277507303
2021-05-30 17:15:32.697710 [6317aebc]   hits_at_400_filtered: 0.5900681596884129
2021-05-30 17:15:32.697717 [6317aebc]   hits_at_400_filtered_with_test: 0.5925024342745862
2021-05-30 17:15:32.697725 [6317aebc]   hits_at_50: 0.08568646543330088
2021-05-30 17:15:32.697732 [6317aebc]   hits_at_500: 0.691333982473223
2021-05-30 17:15:32.697739 [6317aebc]   hits_at_500_filtered: 0.7210321324245376
2021-05-30 17:15:32.697746 [6317aebc]   hits_at_500_filtered_with_test: 0.7220058422590069
2021-05-30 17:15:32.697753 [6317aebc]   hits_at_50_filtered: 0.08714703018500487
2021-05-30 17:15:32.697760 [6317aebc]   hits_at_50_filtered_with_test: 0.0881207400194742
2021-05-30 17:15:32.697767 [6317aebc]   job: eval
2021-05-30 17:15:32.697775 [6317aebc]   job_id: 6317aebc-7abb-43d1-8bb7-9a3e280a8db2
2021-05-30 17:15:32.697783 [6317aebc]   mean_rank: 346.4269717624148
2021-05-30 17:15:32.697789 [6317aebc]   mean_rank_filtered: 333.1134371957157
2021-05-30 17:15:32.697796 [6317aebc]   mean_rank_filtered_with_test: 331.6815968841285
2021-05-30 17:15:32.697803 [6317aebc]   mean_reciprocal_rank: 0.01373235206641148
2021-05-30 17:15:32.697810 [6317aebc]   mean_reciprocal_rank_filtered: 0.014256714149482527
2021-05-30 17:15:32.697817 [6317aebc]   mean_reciprocal_rank_filtered_with_test: 0.014282487499679076
2021-05-30 17:15:32.697824 [6317aebc]   num_parameters: 140400
2021-05-30 17:15:32.697832 [6317aebc]   parent_job_id: 2cb4230a-848c-48db-8ebd-981b480beada
2021-05-30 17:15:32.697842 [6317aebc]   scope: epoch
2021-05-30 17:15:32.697849 [6317aebc]   size: 1027
2021-05-30 17:15:32.697856 [6317aebc]   split: valid
2021-05-30 17:15:32.697863 [6317aebc]   timestamp: 1622391332.682234
2021-05-30 17:15:32.697870 [6317aebc]   type: entity_ranking
2021-05-30 17:15:32.698551 [6317aebc] Finished evaluating on valid split.
2021-05-30 17:15:32.704978 [2cb4230a] Saving checkpoint to /home/jwentz/kge/local/experiments/20210530-171434-wordcraft-search-ax/00001/checkpoint_00005.pt...
2021-05-30 17:15:32.730844 [2cb4230a] Removing old checkpoint /home/jwentz/kge/local/experiments/20210530-171434-wordcraft-search-ax/00001/checkpoint_00004.pt...
2021-05-30 17:15:32.731864 [2cb4230a] Saving checkpoint to /home/jwentz/kge/local/experiments/20210530-171434-wordcraft-search-ax/00001/checkpoint_best.pt...
2021-05-30 17:15:32.752412 [2cb4230a] Starting epoch 6...
2021-05-30 17:15:33.184131 [2cb4230a] avg_cost: 5.103970258314295
2021-05-30 17:15:33.184141 [2cb4230a] avg_loss: 5.103970258314295
2021-05-30 17:15:33.184144 [2cb4230a] avg_penalties: {}
2021-05-30 17:15:33.184147 [2cb4230a] avg_penalty: 0.0
2021-05-30 17:15:33.184150 [2cb4230a] backward_time: 0.03492426872253418
2021-05-30 17:15:33.184152 [2cb4230a] batches: 23
2021-05-30 17:15:33.184154 [2cb4230a] entry_id: 86f2029c-614c-4480-8013-32b5a20b5ed0
2021-05-30 17:15:33.184157 [2cb4230a] epoch: 6
2021-05-30 17:15:33.184159 [2cb4230a] epoch_time: 0.4275181293487549
2021-05-30 17:15:33.184162 [2cb4230a] event: epoch_completed
2021-05-30 17:15:33.184164 [2cb4230a] forward_time: 0.03612995147705078
2021-05-30 17:15:33.184167 [2cb4230a] job: train
2021-05-30 17:15:33.184169 [2cb4230a] job_id: 2cb4230a-848c-48db-8ebd-981b480beada
2021-05-30 17:15:33.184171 [2cb4230a] lr:
2021-05-30 17:15:33.184174 [2cb4230a] - 0.2573074772953987
2021-05-30 17:15:33.184176 [2cb4230a] num_parameters: 140400
2021-05-30 17:15:33.184179 [2cb4230a] optimizer_time: 0.006294727325439453
2021-05-30 17:15:33.184181 [2cb4230a] other_time: 0.3263282775878906
2021-05-30 17:15:33.184183 [2cb4230a] parent_job_id: 58142d6e-4ebe-4aed-b088-29264465bf53
2021-05-30 17:15:33.184186 [2cb4230a] prepare_time: 0.023840904235839844
2021-05-30 17:15:33.184188 [2cb4230a] scope: epoch
2021-05-30 17:15:33.184190 [2cb4230a] size: 2221
2021-05-30 17:15:33.184193 [2cb4230a] split: train
2021-05-30 17:15:33.184195 [2cb4230a] timestamp: 1622391333.180334
2021-05-30 17:15:33.184197 [2cb4230a] type: KvsAll
2021-05-30 17:15:33.187299 [2cb4230a]   avg_cost: 5.103970258314295
2021-05-30 17:15:33.187311 [2cb4230a]   avg_loss: 5.103970258314295
2021-05-30 17:15:33.187332 [2cb4230a]   avg_penalties: {}
2021-05-30 17:15:33.187338 [2cb4230a]   avg_penalty: 0.0
2021-05-30 17:15:33.187344 [2cb4230a]   backward_time: 0.03492426872253418
2021-05-30 17:15:33.187349 [2cb4230a]   batches: 23
2021-05-30 17:15:33.187355 [2cb4230a]   entry_id: 86f2029c-614c-4480-8013-32b5a20b5ed0
2021-05-30 17:15:33.187361 [2cb4230a]   epoch: 6
2021-05-30 17:15:33.187367 [2cb4230a]   epoch_time: 0.4275181293487549
2021-05-30 17:15:33.187387 [2cb4230a]   event: epoch_completed
2021-05-30 17:15:33.187393 [2cb4230a]   forward_time: 0.03612995147705078
2021-05-30 17:15:33.187398 [2cb4230a]   job: train
2021-05-30 17:15:33.187404 [2cb4230a]   job_id: 2cb4230a-848c-48db-8ebd-981b480beada
2021-05-30 17:15:33.187409 [2cb4230a]   lr:
2021-05-30 17:15:33.187415 [2cb4230a]   - 0.2573074772953987
2021-05-30 17:15:33.187420 [2cb4230a]   num_parameters: 140400
2021-05-30 17:15:33.187426 [2cb4230a]   optimizer_time: 0.006294727325439453
2021-05-30 17:15:33.187431 [2cb4230a]   other_time: 0.3263282775878906
2021-05-30 17:15:33.187437 [2cb4230a]   parent_job_id: 58142d6e-4ebe-4aed-b088-29264465bf53
2021-05-30 17:15:33.187442 [2cb4230a]   prepare_time: 0.023840904235839844
2021-05-30 17:15:33.187448 [2cb4230a]   scope: epoch
2021-05-30 17:15:33.187453 [2cb4230a]   size: 2221
2021-05-30 17:15:33.187459 [2cb4230a]   split: train
2021-05-30 17:15:33.187464 [2cb4230a]   timestamp: 1622391333.180334
2021-05-30 17:15:33.187470 [2cb4230a]   type: KvsAll
2021-05-30 17:15:33.191615 [2cb4230a] Finished epoch 6.
2021-05-30 17:15:33.192595 [2cb4230a] Saving checkpoint to /home/jwentz/kge/local/experiments/20210530-171434-wordcraft-search-ax/00001/checkpoint_00006.pt...
2021-05-30 17:15:33.222519 [2cb4230a] Starting epoch 7...
2021-05-30 17:15:33.616025 [2cb4230a] avg_cost: 5.103972016879429
2021-05-30 17:15:33.616037 [2cb4230a] avg_loss: 5.103972016879429
2021-05-30 17:15:33.616046 [2cb4230a] avg_penalties: {}
2021-05-30 17:15:33.616065 [2cb4230a] avg_penalty: 0.0
2021-05-30 17:15:33.616068 [2cb4230a] backward_time: 0.03185224533081055
2021-05-30 17:15:33.616070 [2cb4230a] batches: 23
2021-05-30 17:15:33.616073 [2cb4230a] entry_id: 5981f972-8d32-4a17-99de-8c0cd62f85c6
2021-05-30 17:15:33.616075 [2cb4230a] epoch: 7
2021-05-30 17:15:33.616078 [2cb4230a] epoch_time: 0.3891150951385498
2021-05-30 17:15:33.616080 [2cb4230a] event: epoch_completed
2021-05-30 17:15:33.616083 [2cb4230a] forward_time: 0.0368809700012207
2021-05-30 17:15:33.616085 [2cb4230a] job: train
2021-05-30 17:15:33.616087 [2cb4230a] job_id: 2cb4230a-848c-48db-8ebd-981b480beada
2021-05-30 17:15:33.616090 [2cb4230a] lr:
2021-05-30 17:15:33.616092 [2cb4230a] - 0.2573074772953987
2021-05-30 17:15:33.616094 [2cb4230a] num_parameters: 140400
2021-05-30 17:15:33.616098 [2cb4230a] optimizer_time: 0.005855560302734375
2021-05-30 17:15:33.616100 [2cb4230a] other_time: 0.29236268997192383
2021-05-30 17:15:33.616103 [2cb4230a] parent_job_id: 58142d6e-4ebe-4aed-b088-29264465bf53
2021-05-30 17:15:33.616105 [2cb4230a] prepare_time: 0.02216362953186035
2021-05-30 17:15:33.616108 [2cb4230a] scope: epoch
2021-05-30 17:15:33.616110 [2cb4230a] size: 2221
2021-05-30 17:15:33.616113 [2cb4230a] split: train
2021-05-30 17:15:33.616115 [2cb4230a] timestamp: 1622391333.6122396
2021-05-30 17:15:33.616117 [2cb4230a] type: KvsAll
2021-05-30 17:15:33.618680 [2cb4230a]   avg_cost: 5.103972016879429
2021-05-30 17:15:33.618692 [2cb4230a]   avg_loss: 5.103972016879429
2021-05-30 17:15:33.618698 [2cb4230a]   avg_penalties: {}
2021-05-30 17:15:33.618704 [2cb4230a]   avg_penalty: 0.0
2021-05-30 17:15:33.618710 [2cb4230a]   backward_time: 0.03185224533081055
2021-05-30 17:15:33.618716 [2cb4230a]   batches: 23
2021-05-30 17:15:33.618721 [2cb4230a]   entry_id: 5981f972-8d32-4a17-99de-8c0cd62f85c6
2021-05-30 17:15:33.618727 [2cb4230a]   epoch: 7
2021-05-30 17:15:33.618733 [2cb4230a]   epoch_time: 0.3891150951385498
2021-05-30 17:15:33.618739 [2cb4230a]   event: epoch_completed
2021-05-30 17:15:33.618745 [2cb4230a]   forward_time: 0.0368809700012207
2021-05-30 17:15:33.618750 [2cb4230a]   job: train
2021-05-30 17:15:33.618756 [2cb4230a]   job_id: 2cb4230a-848c-48db-8ebd-981b480beada
2021-05-30 17:15:33.618762 [2cb4230a]   lr:
2021-05-30 17:15:33.618768 [2cb4230a]   - 0.2573074772953987
2021-05-30 17:15:33.618773 [2cb4230a]   num_parameters: 140400
2021-05-30 17:15:33.618779 [2cb4230a]   optimizer_time: 0.005855560302734375
2021-05-30 17:15:33.618785 [2cb4230a]   other_time: 0.29236268997192383
2021-05-30 17:15:33.618791 [2cb4230a]   parent_job_id: 58142d6e-4ebe-4aed-b088-29264465bf53
2021-05-30 17:15:33.618796 [2cb4230a]   prepare_time: 0.02216362953186035
2021-05-30 17:15:33.618802 [2cb4230a]   scope: epoch
2021-05-30 17:15:33.618809 [2cb4230a]   size: 2221
2021-05-30 17:15:33.618815 [2cb4230a]   split: train
2021-05-30 17:15:33.618821 [2cb4230a]   timestamp: 1622391333.6122396
2021-05-30 17:15:33.618826 [2cb4230a]   type: KvsAll
2021-05-30 17:15:33.619332 [2cb4230a] Finished epoch 7.
2021-05-30 17:15:33.619776 [2cb4230a] Saving checkpoint to /home/jwentz/kge/local/experiments/20210530-171434-wordcraft-search-ax/00001/checkpoint_00007.pt...
2021-05-30 17:15:33.654090 [2cb4230a] Removing old checkpoint /home/jwentz/kge/local/experiments/20210530-171434-wordcraft-search-ax/00001/checkpoint_00006.pt...
2021-05-30 17:15:33.655729 [2cb4230a] Starting epoch 8...
2021-05-30 17:15:34.150221 [2cb4230a] avg_cost: 5.1039722752109515
2021-05-30 17:15:34.150231 [2cb4230a] avg_loss: 5.1039722752109515
2021-05-30 17:15:34.150235 [2cb4230a] avg_penalties: {}
2021-05-30 17:15:34.150238 [2cb4230a] avg_penalty: 0.0
2021-05-30 17:15:34.150241 [2cb4230a] backward_time: 0.02928924560546875
2021-05-30 17:15:34.150244 [2cb4230a] batches: 23
2021-05-30 17:15:34.150247 [2cb4230a] entry_id: d0d27cd8-e8b5-4cae-889b-e3bd048aece7
2021-05-30 17:15:34.150250 [2cb4230a] epoch: 8
2021-05-30 17:15:34.150253 [2cb4230a] epoch_time: 0.4895462989807129
2021-05-30 17:15:34.150256 [2cb4230a] event: epoch_completed
2021-05-30 17:15:34.150259 [2cb4230a] forward_time: 0.04331374168395996
2021-05-30 17:15:34.150262 [2cb4230a] job: train
2021-05-30 17:15:34.150264 [2cb4230a] job_id: 2cb4230a-848c-48db-8ebd-981b480beada
2021-05-30 17:15:34.150267 [2cb4230a] lr:
2021-05-30 17:15:34.150270 [2cb4230a] - 0.2573074772953987
2021-05-30 17:15:34.150273 [2cb4230a] num_parameters: 140400
2021-05-30 17:15:34.150276 [2cb4230a] optimizer_time: 0.007113456726074219
2021-05-30 17:15:34.150279 [2cb4230a] other_time: 0.3839263916015625
2021-05-30 17:15:34.150282 [2cb4230a] parent_job_id: 58142d6e-4ebe-4aed-b088-29264465bf53
2021-05-30 17:15:34.150285 [2cb4230a] prepare_time: 0.02590346336364746
2021-05-30 17:15:34.150287 [2cb4230a] scope: epoch
2021-05-30 17:15:34.150290 [2cb4230a] size: 2221
2021-05-30 17:15:34.150293 [2cb4230a] split: train
2021-05-30 17:15:34.150296 [2cb4230a] timestamp: 1622391334.1457894
2021-05-30 17:15:34.150299 [2cb4230a] type: KvsAll
2021-05-30 17:15:34.153362 [2cb4230a]   avg_cost: 5.1039722752109515
2021-05-30 17:15:34.153376 [2cb4230a]   avg_loss: 5.1039722752109515
2021-05-30 17:15:34.153385 [2cb4230a]   avg_penalties: {}
2021-05-30 17:15:34.153392 [2cb4230a]   avg_penalty: 0.0
2021-05-30 17:15:34.153399 [2cb4230a]   backward_time: 0.02928924560546875
2021-05-30 17:15:34.153407 [2cb4230a]   batches: 23
2021-05-30 17:15:34.153414 [2cb4230a]   entry_id: d0d27cd8-e8b5-4cae-889b-e3bd048aece7
2021-05-30 17:15:34.153421 [2cb4230a]   epoch: 8
2021-05-30 17:15:34.153428 [2cb4230a]   epoch_time: 0.4895462989807129
2021-05-30 17:15:34.153435 [2cb4230a]   event: epoch_completed
2021-05-30 17:15:34.153443 [2cb4230a]   forward_time: 0.04331374168395996
2021-05-30 17:15:34.153450 [2cb4230a]   job: train
2021-05-30 17:15:34.153457 [2cb4230a]   job_id: 2cb4230a-848c-48db-8ebd-981b480beada
2021-05-30 17:15:34.153464 [2cb4230a]   lr:
2021-05-30 17:15:34.153471 [2cb4230a]   - 0.2573074772953987
2021-05-30 17:15:34.153478 [2cb4230a]   num_parameters: 140400
2021-05-30 17:15:34.153485 [2cb4230a]   optimizer_time: 0.007113456726074219
2021-05-30 17:15:34.153493 [2cb4230a]   other_time: 0.3839263916015625
2021-05-30 17:15:34.153500 [2cb4230a]   parent_job_id: 58142d6e-4ebe-4aed-b088-29264465bf53
2021-05-30 17:15:34.153507 [2cb4230a]   prepare_time: 0.02590346336364746
2021-05-30 17:15:34.153514 [2cb4230a]   scope: epoch
2021-05-30 17:15:34.153521 [2cb4230a]   size: 2221
2021-05-30 17:15:34.153528 [2cb4230a]   split: train
2021-05-30 17:15:34.153536 [2cb4230a]   timestamp: 1622391334.1457894
2021-05-30 17:15:34.153543 [2cb4230a]   type: KvsAll
2021-05-30 17:15:34.154066 [2cb4230a] Finished epoch 8.
2021-05-30 17:15:34.154462 [2cb4230a] Saving checkpoint to /home/jwentz/kge/local/experiments/20210530-171434-wordcraft-search-ax/00001/checkpoint_00008.pt...
2021-05-30 17:15:34.184596 [2cb4230a] Removing old checkpoint /home/jwentz/kge/local/experiments/20210530-171434-wordcraft-search-ax/00001/checkpoint_00007.pt...
2021-05-30 17:15:34.185862 [2cb4230a] Starting epoch 9...
2021-05-30 17:15:34.646087 [2cb4230a] avg_cost: 5.103972352125364
2021-05-30 17:15:34.646097 [2cb4230a] avg_loss: 5.103972352125364
2021-05-30 17:15:34.646100 [2cb4230a] avg_penalties: {}
2021-05-30 17:15:34.646103 [2cb4230a] avg_penalty: 0.0
2021-05-30 17:15:34.646106 [2cb4230a] backward_time: 0.02400946617126465
2021-05-30 17:15:34.646108 [2cb4230a] batches: 23
2021-05-30 17:15:34.646111 [2cb4230a] entry_id: 8ce465b1-95ea-4dac-bd04-8eaa7dc806ff
2021-05-30 17:15:34.646128 [2cb4230a] epoch: 9
2021-05-30 17:15:34.646131 [2cb4230a] epoch_time: 0.45572423934936523
2021-05-30 17:15:34.646134 [2cb4230a] event: epoch_completed
2021-05-30 17:15:34.646136 [2cb4230a] forward_time: 0.03946733474731445
2021-05-30 17:15:34.646139 [2cb4230a] job: train
2021-05-30 17:15:34.646141 [2cb4230a] job_id: 2cb4230a-848c-48db-8ebd-981b480beada
2021-05-30 17:15:34.646144 [2cb4230a] lr:
2021-05-30 17:15:34.646146 [2cb4230a] - 0.2573074772953987
2021-05-30 17:15:34.646149 [2cb4230a] num_parameters: 140400
2021-05-30 17:15:34.646152 [2cb4230a] optimizer_time: 0.0067560672760009766
2021-05-30 17:15:34.646154 [2cb4230a] other_time: 0.36071300506591797
2021-05-30 17:15:34.646157 [2cb4230a] parent_job_id: 58142d6e-4ebe-4aed-b088-29264465bf53
2021-05-30 17:15:34.646159 [2cb4230a] prepare_time: 0.024778366088867188
2021-05-30 17:15:34.646162 [2cb4230a] scope: epoch
2021-05-30 17:15:34.646164 [2cb4230a] size: 2221
2021-05-30 17:15:34.646167 [2cb4230a] split: train
2021-05-30 17:15:34.646170 [2cb4230a] timestamp: 1622391334.6419895
2021-05-30 17:15:34.646172 [2cb4230a] type: KvsAll
2021-05-30 17:15:34.648780 [2cb4230a]   avg_cost: 5.103972352125364
2021-05-30 17:15:34.648791 [2cb4230a]   avg_loss: 5.103972352125364
2021-05-30 17:15:34.648798 [2cb4230a]   avg_penalties: {}
2021-05-30 17:15:34.648804 [2cb4230a]   avg_penalty: 0.0
2021-05-30 17:15:34.648810 [2cb4230a]   backward_time: 0.02400946617126465
2021-05-30 17:15:34.648815 [2cb4230a]   batches: 23
2021-05-30 17:15:34.648820 [2cb4230a]   entry_id: 8ce465b1-95ea-4dac-bd04-8eaa7dc806ff
2021-05-30 17:15:34.648826 [2cb4230a]   epoch: 9
2021-05-30 17:15:34.648832 [2cb4230a]   epoch_time: 0.45572423934936523
2021-05-30 17:15:34.648837 [2cb4230a]   event: epoch_completed
2021-05-30 17:15:34.648843 [2cb4230a]   forward_time: 0.03946733474731445
2021-05-30 17:15:34.648848 [2cb4230a]   job: train
2021-05-30 17:15:34.648854 [2cb4230a]   job_id: 2cb4230a-848c-48db-8ebd-981b480beada
2021-05-30 17:15:34.648860 [2cb4230a]   lr:
2021-05-30 17:15:34.648865 [2cb4230a]   - 0.2573074772953987
2021-05-30 17:15:34.648870 [2cb4230a]   num_parameters: 140400
2021-05-30 17:15:34.648876 [2cb4230a]   optimizer_time: 0.0067560672760009766
2021-05-30 17:15:34.648882 [2cb4230a]   other_time: 0.36071300506591797
2021-05-30 17:15:34.648887 [2cb4230a]   parent_job_id: 58142d6e-4ebe-4aed-b088-29264465bf53
2021-05-30 17:15:34.648893 [2cb4230a]   prepare_time: 0.024778366088867188
2021-05-30 17:15:34.648898 [2cb4230a]   scope: epoch
2021-05-30 17:15:34.648904 [2cb4230a]   size: 2221
2021-05-30 17:15:34.648909 [2cb4230a]   split: train
