2021-05-30 17:16:34.412537 [8970e4c8] Set rescal.relation_embedder.dim=40000 (was -1)
2021-05-30 17:16:34.580461 [8970e4c8] Initializing 1-to-N training job...
2021-05-30 17:16:34.697805 [8970e4c8] Saving checkpoint to /home/jwentz/kge/local/experiments/20210530-171434-wordcraft-search-ax/00003/checkpoint_00000.pt...
2021-05-30 17:16:34.720749 [8970e4c8] Starting training...
2021-05-30 17:16:34.721179 [8970e4c8] Starting epoch 1...
2021-05-30 17:16:34.748937 [8970e4c8] CUDA memory after first batch: allocated=     2,646,528 reserved=   706,740,224 max_allocated=   258,084,352
2021-05-30 17:16:35.182083 [8970e4c8] avg_cost: 1753.2038938615947
2021-05-30 17:16:35.182094 [8970e4c8] avg_loss: 1753.2038938615947
2021-05-30 17:16:35.182098 [8970e4c8] avg_penalties: {}
2021-05-30 17:16:35.182102 [8970e4c8] avg_penalty: 0.0
2021-05-30 17:16:35.182105 [8970e4c8] backward_time: 0.024951457977294922
2021-05-30 17:16:35.182108 [8970e4c8] batches: 23
2021-05-30 17:16:35.182111 [8970e4c8] entry_id: 7cbe2290-3cd8-4afc-b49a-c1065a8b3475
2021-05-30 17:16:35.182114 [8970e4c8] epoch: 1
2021-05-30 17:16:35.182117 [8970e4c8] epoch_time: 0.45592427253723145
2021-05-30 17:16:35.182120 [8970e4c8] event: epoch_completed
2021-05-30 17:16:35.182122 [8970e4c8] forward_time: 0.04080033302307129
2021-05-30 17:16:35.182125 [8970e4c8] job: train
2021-05-30 17:16:35.182128 [8970e4c8] job_id: 8970e4c8-2c94-4a10-b473-3da2398ca8fd
2021-05-30 17:16:35.182131 [8970e4c8] lr:
2021-05-30 17:16:35.182134 [8970e4c8] - 0.8612306052818894
2021-05-30 17:16:35.182137 [8970e4c8] num_parameters: 220000
2021-05-30 17:16:35.182140 [8970e4c8] optimizer_time: 0.006735563278198242
2021-05-30 17:16:35.182143 [8970e4c8] other_time: 0.3574707508087158
2021-05-30 17:16:35.182146 [8970e4c8] parent_job_id: 58142d6e-4ebe-4aed-b088-29264465bf53
2021-05-30 17:16:35.182148 [8970e4c8] prepare_time: 0.025966167449951172
2021-05-30 17:16:35.182151 [8970e4c8] scope: epoch
2021-05-30 17:16:35.182154 [8970e4c8] size: 2221
2021-05-30 17:16:35.182157 [8970e4c8] split: train
2021-05-30 17:16:35.182160 [8970e4c8] timestamp: 1622391395.1775467
2021-05-30 17:16:35.182162 [8970e4c8] type: KvsAll
2021-05-30 17:16:35.185227 [8970e4c8]   avg_cost: 1753.2038938615947
2021-05-30 17:16:35.185242 [8970e4c8]   avg_loss: 1753.2038938615947
2021-05-30 17:16:35.185250 [8970e4c8]   avg_penalties: {}
2021-05-30 17:16:35.185258 [8970e4c8]   avg_penalty: 0.0
2021-05-30 17:16:35.185265 [8970e4c8]   backward_time: 0.024951457977294922
2021-05-30 17:16:35.185272 [8970e4c8]   batches: 23
2021-05-30 17:16:35.185279 [8970e4c8]   entry_id: 7cbe2290-3cd8-4afc-b49a-c1065a8b3475
2021-05-30 17:16:35.185286 [8970e4c8]   epoch: 1
2021-05-30 17:16:35.185293 [8970e4c8]   epoch_time: 0.45592427253723145
2021-05-30 17:16:35.185301 [8970e4c8]   event: epoch_completed
2021-05-30 17:16:35.185308 [8970e4c8]   forward_time: 0.04080033302307129
2021-05-30 17:16:35.185315 [8970e4c8]   job: train
2021-05-30 17:16:35.185322 [8970e4c8]   job_id: 8970e4c8-2c94-4a10-b473-3da2398ca8fd
2021-05-30 17:16:35.185330 [8970e4c8]   lr:
2021-05-30 17:16:35.185337 [8970e4c8]   - 0.8612306052818894
2021-05-30 17:16:35.185344 [8970e4c8]   num_parameters: 220000
2021-05-30 17:16:35.185351 [8970e4c8]   optimizer_time: 0.006735563278198242
2021-05-30 17:16:35.185359 [8970e4c8]   other_time: 0.3574707508087158
2021-05-30 17:16:35.185366 [8970e4c8]   parent_job_id: 58142d6e-4ebe-4aed-b088-29264465bf53
2021-05-30 17:16:35.185373 [8970e4c8]   prepare_time: 0.025966167449951172
2021-05-30 17:16:35.185380 [8970e4c8]   scope: epoch
2021-05-30 17:16:35.185387 [8970e4c8]   size: 2221
2021-05-30 17:16:35.185394 [8970e4c8]   split: train
2021-05-30 17:16:35.185401 [8970e4c8]   timestamp: 1622391395.1775467
2021-05-30 17:16:35.185408 [8970e4c8]   type: KvsAll
2021-05-30 17:16:35.185929 [8970e4c8] Finished epoch 1.
2021-05-30 17:16:35.186379 [8970e4c8] Saving checkpoint to /home/jwentz/kge/local/experiments/20210530-171434-wordcraft-search-ax/00003/checkpoint_00001.pt...
2021-05-30 17:16:35.210798 [8970e4c8] Starting epoch 2...
2021-05-30 17:16:35.639261 [8970e4c8] avg_cost: 1257.7629072454695
2021-05-30 17:16:35.639274 [8970e4c8] avg_loss: 1257.7629072454695
2021-05-30 17:16:35.639277 [8970e4c8] avg_penalties: {}
2021-05-30 17:16:35.639280 [8970e4c8] avg_penalty: 0.0
2021-05-30 17:16:35.639282 [8970e4c8] backward_time: 0.023040771484375
2021-05-30 17:16:35.639285 [8970e4c8] batches: 23
2021-05-30 17:16:35.639287 [8970e4c8] entry_id: 45711c48-db50-4611-bccc-7208ede139fb
2021-05-30 17:16:35.639290 [8970e4c8] epoch: 2
2021-05-30 17:16:35.639292 [8970e4c8] epoch_time: 0.4241170883178711
2021-05-30 17:16:35.639295 [8970e4c8] event: epoch_completed
2021-05-30 17:16:35.639297 [8970e4c8] forward_time: 0.03807187080383301
2021-05-30 17:16:35.639300 [8970e4c8] job: train
2021-05-30 17:16:35.639302 [8970e4c8] job_id: 8970e4c8-2c94-4a10-b473-3da2398ca8fd
2021-05-30 17:16:35.639304 [8970e4c8] lr:
2021-05-30 17:16:35.639307 [8970e4c8] - 0.8612306052818894
2021-05-30 17:16:35.639309 [8970e4c8] num_parameters: 220000
2021-05-30 17:16:35.639312 [8970e4c8] optimizer_time: 0.006190776824951172
2021-05-30 17:16:35.639314 [8970e4c8] other_time: 0.3324880599975586
2021-05-30 17:16:35.639317 [8970e4c8] parent_job_id: 58142d6e-4ebe-4aed-b088-29264465bf53
2021-05-30 17:16:35.639319 [8970e4c8] prepare_time: 0.02432560920715332
2021-05-30 17:16:35.639321 [8970e4c8] scope: epoch
2021-05-30 17:16:35.639324 [8970e4c8] size: 2221
2021-05-30 17:16:35.639326 [8970e4c8] split: train
2021-05-30 17:16:35.639329 [8970e4c8] timestamp: 1622391395.6353421
2021-05-30 17:16:35.639331 [8970e4c8] type: KvsAll
2021-05-30 17:16:35.642006 [8970e4c8]   avg_cost: 1257.7629072454695
2021-05-30 17:16:35.642018 [8970e4c8]   avg_loss: 1257.7629072454695
2021-05-30 17:16:35.642024 [8970e4c8]   avg_penalties: {}
2021-05-30 17:16:35.642030 [8970e4c8]   avg_penalty: 0.0
2021-05-30 17:16:35.642035 [8970e4c8]   backward_time: 0.023040771484375
2021-05-30 17:16:35.642045 [8970e4c8]   batches: 23
2021-05-30 17:16:35.642067 [8970e4c8]   entry_id: 45711c48-db50-4611-bccc-7208ede139fb
2021-05-30 17:16:35.642089 [8970e4c8]   epoch: 2
2021-05-30 17:16:35.642095 [8970e4c8]   epoch_time: 0.4241170883178711
2021-05-30 17:16:35.642101 [8970e4c8]   event: epoch_completed
2021-05-30 17:16:35.642107 [8970e4c8]   forward_time: 0.03807187080383301
2021-05-30 17:16:35.642113 [8970e4c8]   job: train
2021-05-30 17:16:35.642119 [8970e4c8]   job_id: 8970e4c8-2c94-4a10-b473-3da2398ca8fd
2021-05-30 17:16:35.642125 [8970e4c8]   lr:
2021-05-30 17:16:35.642131 [8970e4c8]   - 0.8612306052818894
2021-05-30 17:16:35.642137 [8970e4c8]   num_parameters: 220000
2021-05-30 17:16:35.642142 [8970e4c8]   optimizer_time: 0.006190776824951172
2021-05-30 17:16:35.642148 [8970e4c8]   other_time: 0.3324880599975586
2021-05-30 17:16:35.642154 [8970e4c8]   parent_job_id: 58142d6e-4ebe-4aed-b088-29264465bf53
2021-05-30 17:16:35.642160 [8970e4c8]   prepare_time: 0.02432560920715332
2021-05-30 17:16:35.642166 [8970e4c8]   scope: epoch
2021-05-30 17:16:35.642172 [8970e4c8]   size: 2221
2021-05-30 17:16:35.642177 [8970e4c8]   split: train
2021-05-30 17:16:35.642184 [8970e4c8]   timestamp: 1622391395.6353421
2021-05-30 17:16:35.642190 [8970e4c8]   type: KvsAll
2021-05-30 17:16:35.642691 [8970e4c8] Finished epoch 2.
2021-05-30 17:16:35.643175 [8970e4c8] Saving checkpoint to /home/jwentz/kge/local/experiments/20210530-171434-wordcraft-search-ax/00003/checkpoint_00002.pt...
2021-05-30 17:16:35.661745 [8970e4c8] Removing old checkpoint /home/jwentz/kge/local/experiments/20210530-171434-wordcraft-search-ax/00003/checkpoint_00001.pt...
2021-05-30 17:16:35.662917 [8970e4c8] Starting epoch 3...
2021-05-30 17:16:36.037616 [8970e4c8] avg_cost: 869.0609777348367
2021-05-30 17:16:36.037625 [8970e4c8] avg_loss: 869.0609777348367
2021-05-30 17:16:36.037628 [8970e4c8] avg_penalties: {}
2021-05-30 17:16:36.037630 [8970e4c8] avg_penalty: 0.0
2021-05-30 17:16:36.037632 [8970e4c8] backward_time: 0.020795583724975586
2021-05-30 17:16:36.037635 [8970e4c8] batches: 23
2021-05-30 17:16:36.037637 [8970e4c8] entry_id: 79f60361-2f78-4228-8718-271b873827aa
2021-05-30 17:16:36.037639 [8970e4c8] epoch: 3
2021-05-30 17:16:36.037642 [8970e4c8] epoch_time: 0.3700380325317383
2021-05-30 17:16:36.037644 [8970e4c8] event: epoch_completed
2021-05-30 17:16:36.037646 [8970e4c8] forward_time: 0.033916473388671875
2021-05-30 17:16:36.037649 [8970e4c8] job: train
2021-05-30 17:16:36.037651 [8970e4c8] job_id: 8970e4c8-2c94-4a10-b473-3da2398ca8fd
2021-05-30 17:16:36.037653 [8970e4c8] lr:
2021-05-30 17:16:36.037655 [8970e4c8] - 0.8612306052818894
2021-05-30 17:16:36.037657 [8970e4c8] num_parameters: 220000
2021-05-30 17:16:36.037660 [8970e4c8] optimizer_time: 0.00547337532043457
2021-05-30 17:16:36.037662 [8970e4c8] other_time: 0.28843259811401367
2021-05-30 17:16:36.037664 [8970e4c8] parent_job_id: 58142d6e-4ebe-4aed-b088-29264465bf53
2021-05-30 17:16:36.037666 [8970e4c8] prepare_time: 0.021420001983642578
2021-05-30 17:16:36.037668 [8970e4c8] scope: epoch
2021-05-30 17:16:36.037671 [8970e4c8] size: 2221
2021-05-30 17:16:36.037673 [8970e4c8] split: train
2021-05-30 17:16:36.037675 [8970e4c8] timestamp: 1622391396.0334196
2021-05-30 17:16:36.037677 [8970e4c8] type: KvsAll
2021-05-30 17:16:36.040582 [8970e4c8]   avg_cost: 869.0609777348367
2021-05-30 17:16:36.040594 [8970e4c8]   avg_loss: 869.0609777348367
2021-05-30 17:16:36.040600 [8970e4c8]   avg_penalties: {}
2021-05-30 17:16:36.040606 [8970e4c8]   avg_penalty: 0.0
2021-05-30 17:16:36.040612 [8970e4c8]   backward_time: 0.020795583724975586
2021-05-30 17:16:36.040618 [8970e4c8]   batches: 23
2021-05-30 17:16:36.040624 [8970e4c8]   entry_id: 79f60361-2f78-4228-8718-271b873827aa
2021-05-30 17:16:36.040630 [8970e4c8]   epoch: 3
2021-05-30 17:16:36.040636 [8970e4c8]   epoch_time: 0.3700380325317383
2021-05-30 17:16:36.040642 [8970e4c8]   event: epoch_completed
2021-05-30 17:16:36.040647 [8970e4c8]   forward_time: 0.033916473388671875
2021-05-30 17:16:36.040653 [8970e4c8]   job: train
2021-05-30 17:16:36.040659 [8970e4c8]   job_id: 8970e4c8-2c94-4a10-b473-3da2398ca8fd
2021-05-30 17:16:36.040665 [8970e4c8]   lr:
2021-05-30 17:16:36.040670 [8970e4c8]   - 0.8612306052818894
2021-05-30 17:16:36.040676 [8970e4c8]   num_parameters: 220000
2021-05-30 17:16:36.040682 [8970e4c8]   optimizer_time: 0.00547337532043457
2021-05-30 17:16:36.040688 [8970e4c8]   other_time: 0.28843259811401367
2021-05-30 17:16:36.040694 [8970e4c8]   parent_job_id: 58142d6e-4ebe-4aed-b088-29264465bf53
2021-05-30 17:16:36.040699 [8970e4c8]   prepare_time: 0.021420001983642578
2021-05-30 17:16:36.040705 [8970e4c8]   scope: epoch
2021-05-30 17:16:36.040711 [8970e4c8]   size: 2221
2021-05-30 17:16:36.040716 [8970e4c8]   split: train
2021-05-30 17:16:36.040722 [8970e4c8]   timestamp: 1622391396.0334196
2021-05-30 17:16:36.040728 [8970e4c8]   type: KvsAll
2021-05-30 17:16:36.041272 [8970e4c8] Finished epoch 3.
2021-05-30 17:16:36.041832 [8970e4c8] Saving checkpoint to /home/jwentz/kge/local/experiments/20210530-171434-wordcraft-search-ax/00003/checkpoint_00003.pt...
2021-05-30 17:16:36.064461 [8970e4c8] Removing old checkpoint /home/jwentz/kge/local/experiments/20210530-171434-wordcraft-search-ax/00003/checkpoint_00002.pt...
2021-05-30 17:16:36.065864 [8970e4c8] Starting epoch 4...
2021-05-30 17:16:36.555417 [8970e4c8] avg_cost: 588.1849839005691
2021-05-30 17:16:36.555432 [8970e4c8] avg_loss: 588.1849839005691
2021-05-30 17:16:36.555436 [8970e4c8] avg_penalties: {}
2021-05-30 17:16:36.555440 [8970e4c8] avg_penalty: 0.0
2021-05-30 17:16:36.555443 [8970e4c8] backward_time: 0.02142620086669922
2021-05-30 17:16:36.555446 [8970e4c8] batches: 23
2021-05-30 17:16:36.555449 [8970e4c8] entry_id: c24b827c-3b39-493d-b623-755fbbaed60e
2021-05-30 17:16:36.555452 [8970e4c8] epoch: 4
2021-05-30 17:16:36.555455 [8970e4c8] epoch_time: 0.48435401916503906
2021-05-30 17:16:36.555458 [8970e4c8] event: epoch_completed
2021-05-30 17:16:36.555461 [8970e4c8] forward_time: 0.041768550872802734
2021-05-30 17:16:36.555464 [8970e4c8] job: train
2021-05-30 17:16:36.555468 [8970e4c8] job_id: 8970e4c8-2c94-4a10-b473-3da2398ca8fd
2021-05-30 17:16:36.555471 [8970e4c8] lr:
2021-05-30 17:16:36.555474 [8970e4c8] - 0.8612306052818894
2021-05-30 17:16:36.555477 [8970e4c8] num_parameters: 220000
2021-05-30 17:16:36.555480 [8970e4c8] optimizer_time: 0.006818532943725586
2021-05-30 17:16:36.555483 [8970e4c8] other_time: 0.3882293701171875
2021-05-30 17:16:36.555495 [8970e4c8] parent_job_id: 58142d6e-4ebe-4aed-b088-29264465bf53
2021-05-30 17:16:36.555498 [8970e4c8] prepare_time: 0.026111364364624023
2021-05-30 17:16:36.555501 [8970e4c8] scope: epoch
2021-05-30 17:16:36.555504 [8970e4c8] size: 2221
2021-05-30 17:16:36.555507 [8970e4c8] split: train
2021-05-30 17:16:36.555510 [8970e4c8] timestamp: 1622391396.550752
2021-05-30 17:16:36.555513 [8970e4c8] type: KvsAll
2021-05-30 17:16:36.558991 [8970e4c8]   avg_cost: 588.1849839005691
2021-05-30 17:16:36.559006 [8970e4c8]   avg_loss: 588.1849839005691
2021-05-30 17:16:36.559015 [8970e4c8]   avg_penalties: {}
2021-05-30 17:16:36.559023 [8970e4c8]   avg_penalty: 0.0
2021-05-30 17:16:36.559031 [8970e4c8]   backward_time: 0.02142620086669922
2021-05-30 17:16:36.559039 [8970e4c8]   batches: 23
2021-05-30 17:16:36.559052 [8970e4c8]   entry_id: c24b827c-3b39-493d-b623-755fbbaed60e
2021-05-30 17:16:36.559060 [8970e4c8]   epoch: 4
2021-05-30 17:16:36.559067 [8970e4c8]   epoch_time: 0.48435401916503906
2021-05-30 17:16:36.559075 [8970e4c8]   event: epoch_completed
2021-05-30 17:16:36.559083 [8970e4c8]   forward_time: 0.041768550872802734
2021-05-30 17:16:36.559090 [8970e4c8]   job: train
2021-05-30 17:16:36.559098 [8970e4c8]   job_id: 8970e4c8-2c94-4a10-b473-3da2398ca8fd
2021-05-30 17:16:36.559106 [8970e4c8]   lr:
2021-05-30 17:16:36.559114 [8970e4c8]   - 0.8612306052818894
2021-05-30 17:16:36.559121 [8970e4c8]   num_parameters: 220000
2021-05-30 17:16:36.559129 [8970e4c8]   optimizer_time: 0.006818532943725586
2021-05-30 17:16:36.559137 [8970e4c8]   other_time: 0.3882293701171875
2021-05-30 17:16:36.559145 [8970e4c8]   parent_job_id: 58142d6e-4ebe-4aed-b088-29264465bf53
2021-05-30 17:16:36.559152 [8970e4c8]   prepare_time: 0.026111364364624023
2021-05-30 17:16:36.559160 [8970e4c8]   scope: epoch
2021-05-30 17:16:36.559168 [8970e4c8]   size: 2221
2021-05-30 17:16:36.559175 [8970e4c8]   split: train
2021-05-30 17:16:36.559184 [8970e4c8]   timestamp: 1622391396.550752
2021-05-30 17:16:36.559191 [8970e4c8]   type: KvsAll
2021-05-30 17:16:36.559768 [8970e4c8] Finished epoch 4.
2021-05-30 17:16:36.560341 [8970e4c8] Saving checkpoint to /home/jwentz/kge/local/experiments/20210530-171434-wordcraft-search-ax/00003/checkpoint_00004.pt...
2021-05-30 17:16:36.580687 [8970e4c8] Removing old checkpoint /home/jwentz/kge/local/experiments/20210530-171434-wordcraft-search-ax/00003/checkpoint_00003.pt...
2021-05-30 17:16:36.582083 [8970e4c8] Starting epoch 5...
2021-05-30 17:16:37.238160 [8970e4c8] avg_cost: 432.54575753931204
2021-05-30 17:16:37.238174 [8970e4c8] avg_loss: 432.54575753931204
2021-05-30 17:16:37.238177 [8970e4c8] avg_penalties: {}
2021-05-30 17:16:37.238180 [8970e4c8] avg_penalty: 0.0
2021-05-30 17:16:37.238182 [8970e4c8] backward_time: 0.04263710975646973
2021-05-30 17:16:37.238184 [8970e4c8] batches: 23
2021-05-30 17:16:37.238187 [8970e4c8] entry_id: 4ef666b2-288f-47c2-8420-5d607c1c6252
2021-05-30 17:16:37.238189 [8970e4c8] epoch: 5
2021-05-30 17:16:37.238191 [8970e4c8] epoch_time: 0.6519231796264648
2021-05-30 17:16:37.238193 [8970e4c8] event: epoch_completed
2021-05-30 17:16:37.238196 [8970e4c8] forward_time: 0.050745248794555664
2021-05-30 17:16:37.238198 [8970e4c8] job: train
2021-05-30 17:16:37.238200 [8970e4c8] job_id: 8970e4c8-2c94-4a10-b473-3da2398ca8fd
2021-05-30 17:16:37.238202 [8970e4c8] lr:
2021-05-30 17:16:37.238205 [8970e4c8] - 0.8612306052818894
2021-05-30 17:16:37.238207 [8970e4c8] num_parameters: 220000
2021-05-30 17:16:37.238209 [8970e4c8] optimizer_time: 0.008040904998779297
2021-05-30 17:16:37.238211 [8970e4c8] other_time: 0.5207986831665039
2021-05-30 17:16:37.238214 [8970e4c8] parent_job_id: 58142d6e-4ebe-4aed-b088-29264465bf53
2021-05-30 17:16:37.238216 [8970e4c8] prepare_time: 0.02970123291015625
2021-05-30 17:16:37.238218 [8970e4c8] scope: epoch
2021-05-30 17:16:37.238220 [8970e4c8] size: 2221
2021-05-30 17:16:37.238223 [8970e4c8] split: train
2021-05-30 17:16:37.238225 [8970e4c8] timestamp: 1622391397.2344868
2021-05-30 17:16:37.238227 [8970e4c8] type: KvsAll
2021-05-30 17:16:37.240883 [8970e4c8]   avg_cost: 432.54575753931204
2021-05-30 17:16:37.240895 [8970e4c8]   avg_loss: 432.54575753931204
2021-05-30 17:16:37.240901 [8970e4c8]   avg_penalties: {}
2021-05-30 17:16:37.240907 [8970e4c8]   avg_penalty: 0.0
2021-05-30 17:16:37.240913 [8970e4c8]   backward_time: 0.04263710975646973
2021-05-30 17:16:37.240920 [8970e4c8]   batches: 23
2021-05-30 17:16:37.240926 [8970e4c8]   entry_id: 4ef666b2-288f-47c2-8420-5d607c1c6252
2021-05-30 17:16:37.240932 [8970e4c8]   epoch: 5
2021-05-30 17:16:37.240938 [8970e4c8]   epoch_time: 0.6519231796264648
2021-05-30 17:16:37.240944 [8970e4c8]   event: epoch_completed
2021-05-30 17:16:37.240950 [8970e4c8]   forward_time: 0.050745248794555664
2021-05-30 17:16:37.240955 [8970e4c8]   job: train
2021-05-30 17:16:37.240962 [8970e4c8]   job_id: 8970e4c8-2c94-4a10-b473-3da2398ca8fd
2021-05-30 17:16:37.240968 [8970e4c8]   lr:
2021-05-30 17:16:37.240974 [8970e4c8]   - 0.8612306052818894
2021-05-30 17:16:37.240979 [8970e4c8]   num_parameters: 220000
2021-05-30 17:16:37.240985 [8970e4c8]   optimizer_time: 0.008040904998779297
2021-05-30 17:16:37.240991 [8970e4c8]   other_time: 0.5207986831665039
2021-05-30 17:16:37.240997 [8970e4c8]   parent_job_id: 58142d6e-4ebe-4aed-b088-29264465bf53
2021-05-30 17:16:37.241003 [8970e4c8]   prepare_time: 0.02970123291015625
2021-05-30 17:16:37.241009 [8970e4c8]   scope: epoch
2021-05-30 17:16:37.241015 [8970e4c8]   size: 2221
2021-05-30 17:16:37.241021 [8970e4c8]   split: train
2021-05-30 17:16:37.241027 [8970e4c8]   timestamp: 1622391397.2344868
2021-05-30 17:16:37.241033 [8970e4c8]   type: KvsAll
2021-05-30 17:16:37.241587 [8970e4c8] Finished epoch 5.
2021-05-30 17:16:37.242335 [6f09840f] Evaluating on valid data (epoch 5)...
2021-05-30 17:16:37.397100 [6f09840f] batches: 11
2021-05-30 17:16:37.397130 [6f09840f] entry_id: 42bf913b-efb0-41e8-af81-e6be1119454b
2021-05-30 17:16:37.397136 [6f09840f] epoch: 5
2021-05-30 17:16:37.397141 [6f09840f] epoch_time: 0.14406180381774902
2021-05-30 17:16:37.397147 [6f09840f] event: eval_completed
2021-05-30 17:16:37.397153 [6f09840f] filter_splits:
2021-05-30 17:16:37.397158 [6f09840f] - train
2021-05-30 17:16:37.397163 [6f09840f] - valid
2021-05-30 17:16:37.397169 [6f09840f] hits_at_1: 0.0029211295034079843
2021-05-30 17:16:37.397174 [6f09840f] hits_at_10: 0.05744888023369036
2021-05-30 17:16:37.397180 [6f09840f] hits_at_100: 0.3953261927945472
2021-05-30 17:16:37.397185 [6f09840f] hits_at_100_filtered: 0.44498539435248297
2021-05-30 17:16:37.397191 [6f09840f] hits_at_100_filtered_with_test: 0.44693281402142165
2021-05-30 17:16:37.397196 [6f09840f] hits_at_10_filtered: 0.1056475170399221
2021-05-30 17:16:37.397201 [6f09840f] hits_at_10_filtered_with_test: 0.1085686465433301
2021-05-30 17:16:37.397207 [6f09840f] hits_at_1_filtered: 0.012658227848101266
2021-05-30 17:16:37.397212 [6f09840f] hits_at_1_filtered_with_test: 0.012658227848101266
2021-05-30 17:16:37.397218 [6f09840f] hits_at_200: 0.5929892891918208
2021-05-30 17:16:37.397223 [6f09840f] hits_at_200_filtered: 0.6212268743914314
2021-05-30 17:16:37.397228 [6f09840f] hits_at_200_filtered_with_test: 0.626095423563778
2021-05-30 17:16:37.397233 [6f09840f] hits_at_3: 0.011684518013631937
2021-05-30 17:16:37.397239 [6f09840f] hits_at_300: 0.7171372930866602
2021-05-30 17:16:37.397244 [6f09840f] hits_at_300_filtered: 0.7390457643622201
2021-05-30 17:16:37.397249 [6f09840f] hits_at_300_filtered_with_test: 0.7405063291139241
2021-05-30 17:16:37.397255 [6f09840f] hits_at_3_filtered: 0.04040895813047712
2021-05-30 17:16:37.397260 [6f09840f] hits_at_3_filtered_with_test: 0.04040895813047712
2021-05-30 17:16:37.397265 [6f09840f] hits_at_400: 0.820350535540409
2021-05-30 17:16:37.397271 [6f09840f] hits_at_400_filtered: 0.8437195715676729
2021-05-30 17:16:37.397276 [6f09840f] hits_at_400_filtered_with_test: 0.8456669912366115
2021-05-30 17:16:37.397282 [6f09840f] hits_at_50: 0.25511197663096397
2021-05-30 17:16:37.397287 [6f09840f] hits_at_500: 0.9006815968841285
2021-05-30 17:16:37.397292 [6f09840f] hits_at_500_filtered: 0.9104186952288218
2021-05-30 17:16:37.397298 [6f09840f] hits_at_500_filtered_with_test: 0.9109055501460565
2021-05-30 17:16:37.397303 [6f09840f] hits_at_50_filtered: 0.3076923076923077
2021-05-30 17:16:37.397308 [6f09840f] hits_at_50_filtered_with_test: 0.3106134371957157
2021-05-30 17:16:37.397314 [6f09840f] job: eval
2021-05-30 17:16:37.397319 [6f09840f] job_id: 6f09840f-28f3-45a5-8573-140f5c593b0b
2021-05-30 17:16:37.397324 [6f09840f] mean_rank: 207.1153846153846
2021-05-30 17:16:37.397333 [6f09840f] mean_rank_filtered: 189.38656280428432
2021-05-30 17:16:37.397339 [6f09840f] mean_rank_filtered_with_test: 188.08666017526778
2021-05-30 17:16:37.397344 [6f09840f] mean_reciprocal_rank: 0.02681532156850486
2021-05-30 17:16:37.397349 [6f09840f] mean_reciprocal_rank_filtered: 0.04778961731373045
2021-05-30 17:16:37.397355 [6f09840f] mean_reciprocal_rank_filtered_with_test: 0.048520137411710004
2021-05-30 17:16:37.397360 [6f09840f] num_parameters: 220000
2021-05-30 17:16:37.397366 [6f09840f] parent_job_id: 8970e4c8-2c94-4a10-b473-3da2398ca8fd
2021-05-30 17:16:37.397371 [6f09840f] scope: epoch
2021-05-30 17:16:37.397376 [6f09840f] size: 1027
2021-05-30 17:16:37.397382 [6f09840f] split: valid
2021-05-30 17:16:37.397388 [6f09840f] timestamp: 1622391397.3869984
2021-05-30 17:16:37.397393 [6f09840f] type: entity_ranking
2021-05-30 17:16:37.402924 [6f09840f]   batches: 11
2021-05-30 17:16:37.402938 [6f09840f]   entry_id: 42bf913b-efb0-41e8-af81-e6be1119454b
2021-05-30 17:16:37.402947 [6f09840f]   epoch: 5
2021-05-30 17:16:37.402954 [6f09840f]   epoch_time: 0.14406180381774902
2021-05-30 17:16:37.402961 [6f09840f]   event: eval_completed
2021-05-30 17:16:37.402968 [6f09840f]   filter_splits:
2021-05-30 17:16:37.402975 [6f09840f]   - train
2021-05-30 17:16:37.402982 [6f09840f]   - valid
2021-05-30 17:16:37.402990 [6f09840f]   hits_at_1: 0.0029211295034079843
2021-05-30 17:16:37.402997 [6f09840f]   hits_at_10: 0.05744888023369036
2021-05-30 17:16:37.403005 [6f09840f]   hits_at_100: 0.3953261927945472
2021-05-30 17:16:37.403012 [6f09840f]   hits_at_100_filtered: 0.44498539435248297
2021-05-30 17:16:37.403019 [6f09840f]   hits_at_100_filtered_with_test: 0.44693281402142165
2021-05-30 17:16:37.403026 [6f09840f]   hits_at_10_filtered: 0.1056475170399221
2021-05-30 17:16:37.403034 [6f09840f]   hits_at_10_filtered_with_test: 0.1085686465433301
2021-05-30 17:16:37.403047 [6f09840f]   hits_at_1_filtered: 0.012658227848101266
2021-05-30 17:16:37.403055 [6f09840f]   hits_at_1_filtered_with_test: 0.012658227848101266
2021-05-30 17:16:37.403063 [6f09840f]   hits_at_200: 0.5929892891918208
2021-05-30 17:16:37.403070 [6f09840f]   hits_at_200_filtered: 0.6212268743914314
2021-05-30 17:16:37.403077 [6f09840f]   hits_at_200_filtered_with_test: 0.626095423563778
2021-05-30 17:16:37.403084 [6f09840f]   hits_at_3: 0.011684518013631937
2021-05-30 17:16:37.403091 [6f09840f]   hits_at_300: 0.7171372930866602
2021-05-30 17:16:37.403098 [6f09840f]   hits_at_300_filtered: 0.7390457643622201
2021-05-30 17:16:37.403105 [6f09840f]   hits_at_300_filtered_with_test: 0.7405063291139241
2021-05-30 17:16:37.403112 [6f09840f]   hits_at_3_filtered: 0.04040895813047712
2021-05-30 17:16:37.403120 [6f09840f]   hits_at_3_filtered_with_test: 0.04040895813047712
2021-05-30 17:16:37.403127 [6f09840f]   hits_at_400: 0.820350535540409
2021-05-30 17:16:37.403134 [6f09840f]   hits_at_400_filtered: 0.8437195715676729
2021-05-30 17:16:37.403141 [6f09840f]   hits_at_400_filtered_with_test: 0.8456669912366115
2021-05-30 17:16:37.403149 [6f09840f]   hits_at_50: 0.25511197663096397
2021-05-30 17:16:37.403163 [6f09840f]   hits_at_500: 0.9006815968841285
2021-05-30 17:16:37.403170 [6f09840f]   hits_at_500_filtered: 0.9104186952288218
2021-05-30 17:16:37.403177 [6f09840f]   hits_at_500_filtered_with_test: 0.9109055501460565
2021-05-30 17:16:37.403184 [6f09840f]   hits_at_50_filtered: 0.3076923076923077
2021-05-30 17:16:37.403191 [6f09840f]   hits_at_50_filtered_with_test: 0.3106134371957157
2021-05-30 17:16:37.403201 [6f09840f]   job: eval
2021-05-30 17:16:37.403209 [6f09840f]   job_id: 6f09840f-28f3-45a5-8573-140f5c593b0b
2021-05-30 17:16:37.403216 [6f09840f]   mean_rank: 207.1153846153846
2021-05-30 17:16:37.403224 [6f09840f]   mean_rank_filtered: 189.38656280428432
2021-05-30 17:16:37.403231 [6f09840f]   mean_rank_filtered_with_test: 188.08666017526778
2021-05-30 17:16:37.403238 [6f09840f]   mean_reciprocal_rank: 0.02681532156850486
2021-05-30 17:16:37.403245 [6f09840f]   mean_reciprocal_rank_filtered: 0.04778961731373045
2021-05-30 17:16:37.403252 [6f09840f]   mean_reciprocal_rank_filtered_with_test: 0.048520137411710004
2021-05-30 17:16:37.403260 [6f09840f]   num_parameters: 220000
2021-05-30 17:16:37.403267 [6f09840f]   parent_job_id: 8970e4c8-2c94-4a10-b473-3da2398ca8fd
2021-05-30 17:16:37.403277 [6f09840f]   scope: epoch
2021-05-30 17:16:37.403284 [6f09840f]   size: 1027
2021-05-30 17:16:37.403292 [6f09840f]   split: valid
2021-05-30 17:16:37.403299 [6f09840f]   timestamp: 1622391397.3869984
2021-05-30 17:16:37.403306 [6f09840f]   type: entity_ranking
2021-05-30 17:16:37.403999 [6f09840f] Finished evaluating on valid split.
2021-05-30 17:16:37.410406 [8970e4c8] Saving checkpoint to /home/jwentz/kge/local/experiments/20210530-171434-wordcraft-search-ax/00003/checkpoint_00005.pt...
2021-05-30 17:16:37.429315 [8970e4c8] Removing old checkpoint /home/jwentz/kge/local/experiments/20210530-171434-wordcraft-search-ax/00003/checkpoint_00004.pt...
2021-05-30 17:16:37.430952 [8970e4c8] Saving checkpoint to /home/jwentz/kge/local/experiments/20210530-171434-wordcraft-search-ax/00003/checkpoint_best.pt...
2021-05-30 17:16:37.455293 [8970e4c8] Starting epoch 6...
2021-05-30 17:16:37.934250 [8970e4c8] avg_cost: 348.8350284169355
2021-05-30 17:16:37.934262 [8970e4c8] avg_loss: 348.8350284169355
2021-05-30 17:16:37.934266 [8970e4c8] avg_penalties: {}
2021-05-30 17:16:37.934269 [8970e4c8] avg_penalty: 0.0
2021-05-30 17:16:37.934272 [8970e4c8] backward_time: 0.0289459228515625
2021-05-30 17:16:37.934275 [8970e4c8] batches: 23
2021-05-30 17:16:37.934278 [8970e4c8] entry_id: 1c789183-c540-4ef1-9e62-78ddab742749
2021-05-30 17:16:37.934281 [8970e4c8] epoch: 6
2021-05-30 17:16:37.934284 [8970e4c8] epoch_time: 0.4737379550933838
2021-05-30 17:16:37.934287 [8970e4c8] event: epoch_completed
2021-05-30 17:16:37.934289 [8970e4c8] forward_time: 0.041490793228149414
2021-05-30 17:16:37.934292 [8970e4c8] job: train
2021-05-30 17:16:37.934295 [8970e4c8] job_id: 8970e4c8-2c94-4a10-b473-3da2398ca8fd
2021-05-30 17:16:37.934298 [8970e4c8] lr:
2021-05-30 17:16:37.934301 [8970e4c8] - 0.8612306052818894
2021-05-30 17:16:37.934304 [8970e4c8] num_parameters: 220000
2021-05-30 17:16:37.934307 [8970e4c8] optimizer_time: 0.006900787353515625
2021-05-30 17:16:37.934310 [8970e4c8] other_time: 0.371110200881958
2021-05-30 17:16:37.934313 [8970e4c8] parent_job_id: 58142d6e-4ebe-4aed-b088-29264465bf53
2021-05-30 17:16:37.934316 [8970e4c8] prepare_time: 0.025290250778198242
2021-05-30 17:16:37.934319 [8970e4c8] scope: epoch
2021-05-30 17:16:37.934322 [8970e4c8] size: 2221
2021-05-30 17:16:37.934325 [8970e4c8] split: train
2021-05-30 17:16:37.934328 [8970e4c8] timestamp: 1622391397.9295156
2021-05-30 17:16:37.934330 [8970e4c8] type: KvsAll
2021-05-30 17:16:37.937797 [8970e4c8]   avg_cost: 348.8350284169355
2021-05-30 17:16:37.937811 [8970e4c8]   avg_loss: 348.8350284169355
2021-05-30 17:16:37.937819 [8970e4c8]   avg_penalties: {}
2021-05-30 17:16:37.937826 [8970e4c8]   avg_penalty: 0.0
2021-05-30 17:16:37.937834 [8970e4c8]   backward_time: 0.0289459228515625
2021-05-30 17:16:37.937841 [8970e4c8]   batches: 23
2021-05-30 17:16:37.937848 [8970e4c8]   entry_id: 1c789183-c540-4ef1-9e62-78ddab742749
2021-05-30 17:16:37.937856 [8970e4c8]   epoch: 6
2021-05-30 17:16:37.937863 [8970e4c8]   epoch_time: 0.4737379550933838
2021-05-30 17:16:37.937870 [8970e4c8]   event: epoch_completed
2021-05-30 17:16:37.937877 [8970e4c8]   forward_time: 0.041490793228149414
2021-05-30 17:16:37.937884 [8970e4c8]   job: train
2021-05-30 17:16:37.937892 [8970e4c8]   job_id: 8970e4c8-2c94-4a10-b473-3da2398ca8fd
2021-05-30 17:16:37.937899 [8970e4c8]   lr:
2021-05-30 17:16:37.937907 [8970e4c8]   - 0.8612306052818894
2021-05-30 17:16:37.937914 [8970e4c8]   num_parameters: 220000
2021-05-30 17:16:37.937922 [8970e4c8]   optimizer_time: 0.006900787353515625
2021-05-30 17:16:37.937929 [8970e4c8]   other_time: 0.371110200881958
2021-05-30 17:16:37.937936 [8970e4c8]   parent_job_id: 58142d6e-4ebe-4aed-b088-29264465bf53
2021-05-30 17:16:37.937943 [8970e4c8]   prepare_time: 0.025290250778198242
2021-05-30 17:16:37.937951 [8970e4c8]   scope: epoch
2021-05-30 17:16:37.937958 [8970e4c8]   size: 2221
2021-05-30 17:16:37.937965 [8970e4c8]   split: train
2021-05-30 17:16:37.937972 [8970e4c8]   timestamp: 1622391397.9295156
2021-05-30 17:16:37.937979 [8970e4c8]   type: KvsAll
2021-05-30 17:16:37.938465 [8970e4c8] Finished epoch 6.
2021-05-30 17:16:37.938930 [8970e4c8] Saving checkpoint to /home/jwentz/kge/local/experiments/20210530-171434-wordcraft-search-ax/00003/checkpoint_00006.pt...
2021-05-30 17:16:37.973964 [8970e4c8] Starting epoch 7...
2021-05-30 17:16:38.390908 [8970e4c8] avg_cost: 283.7344565908955
2021-05-30 17:16:38.390917 [8970e4c8] avg_loss: 283.7344565908955
2021-05-30 17:16:38.390920 [8970e4c8] avg_penalties: {}
2021-05-30 17:16:38.390922 [8970e4c8] avg_penalty: 0.0
2021-05-30 17:16:38.390924 [8970e4c8] backward_time: 0.029929161071777344
2021-05-30 17:16:38.390927 [8970e4c8] batches: 23
2021-05-30 17:16:38.390929 [8970e4c8] entry_id: 52b8115e-baa9-4978-a354-a17249be0ce0
2021-05-30 17:16:38.390931 [8970e4c8] epoch: 7
2021-05-30 17:16:38.390933 [8970e4c8] epoch_time: 0.41295409202575684
2021-05-30 17:16:38.390936 [8970e4c8] event: epoch_completed
2021-05-30 17:16:38.390938 [8970e4c8] forward_time: 0.0371854305267334
2021-05-30 17:16:38.390940 [8970e4c8] job: train
2021-05-30 17:16:38.390943 [8970e4c8] job_id: 8970e4c8-2c94-4a10-b473-3da2398ca8fd
2021-05-30 17:16:38.390945 [8970e4c8] lr:
2021-05-30 17:16:38.390947 [8970e4c8] - 0.8612306052818894
2021-05-30 17:16:38.390949 [8970e4c8] num_parameters: 220000
2021-05-30 17:16:38.390952 [8970e4c8] optimizer_time: 0.006374359130859375
2021-05-30 17:16:38.390954 [8970e4c8] other_time: 0.31667661666870117
2021-05-30 17:16:38.390956 [8970e4c8] parent_job_id: 58142d6e-4ebe-4aed-b088-29264465bf53
2021-05-30 17:16:38.390958 [8970e4c8] prepare_time: 0.022788524627685547
2021-05-30 17:16:38.390961 [8970e4c8] scope: epoch
2021-05-30 17:16:38.390963 [8970e4c8] size: 2221
2021-05-30 17:16:38.390965 [8970e4c8] split: train
2021-05-30 17:16:38.390968 [8970e4c8] timestamp: 1622391398.3872707
2021-05-30 17:16:38.390970 [8970e4c8] type: KvsAll
2021-05-30 17:16:38.396410 [8970e4c8]   avg_cost: 283.7344565908955
2021-05-30 17:16:38.396439 [8970e4c8]   avg_loss: 283.7344565908955
2021-05-30 17:16:38.396455 [8970e4c8]   avg_penalties: {}
2021-05-30 17:16:38.396470 [8970e4c8]   avg_penalty: 0.0
2021-05-30 17:16:38.396485 [8970e4c8]   backward_time: 0.029929161071777344
2021-05-30 17:16:38.396499 [8970e4c8]   batches: 23
2021-05-30 17:16:38.396513 [8970e4c8]   entry_id: 52b8115e-baa9-4978-a354-a17249be0ce0
2021-05-30 17:16:38.396527 [8970e4c8]   epoch: 7
2021-05-30 17:16:38.396546 [8970e4c8]   epoch_time: 0.41295409202575684
2021-05-30 17:16:38.396561 [8970e4c8]   event: epoch_completed
2021-05-30 17:16:38.396575 [8970e4c8]   forward_time: 0.0371854305267334
2021-05-30 17:16:38.396589 [8970e4c8]   job: train
2021-05-30 17:16:38.396603 [8970e4c8]   job_id: 8970e4c8-2c94-4a10-b473-3da2398ca8fd
2021-05-30 17:16:38.396618 [8970e4c8]   lr:
2021-05-30 17:16:38.396632 [8970e4c8]   - 0.8612306052818894
2021-05-30 17:16:38.396646 [8970e4c8]   num_parameters: 220000
2021-05-30 17:16:38.396660 [8970e4c8]   optimizer_time: 0.006374359130859375
2021-05-30 17:16:38.396674 [8970e4c8]   other_time: 0.31667661666870117
2021-05-30 17:16:38.396688 [8970e4c8]   parent_job_id: 58142d6e-4ebe-4aed-b088-29264465bf53
2021-05-30 17:16:38.396702 [8970e4c8]   prepare_time: 0.022788524627685547
2021-05-30 17:16:38.396716 [8970e4c8]   scope: epoch
2021-05-30 17:16:38.396730 [8970e4c8]   size: 2221
2021-05-30 17:16:38.396744 [8970e4c8]   split: train
2021-05-30 17:16:38.396759 [8970e4c8]   timestamp: 1622391398.3872707
2021-05-30 17:16:38.396772 [8970e4c8]   type: KvsAll
2021-05-30 17:16:38.397466 [8970e4c8] Finished epoch 7.
2021-05-30 17:16:38.397996 [8970e4c8] Saving checkpoint to /home/jwentz/kge/local/experiments/20210530-171434-wordcraft-search-ax/00003/checkpoint_00007.pt...
2021-05-30 17:16:38.425944 [8970e4c8] Removing old checkpoint /home/jwentz/kge/local/experiments/20210530-171434-wordcraft-search-ax/00003/checkpoint_00006.pt...
2021-05-30 17:16:38.427403 [8970e4c8] Starting epoch 8...
2021-05-30 17:16:38.943866 [8970e4c8] avg_cost: 238.69809149579388
2021-05-30 17:16:38.943880 [8970e4c8] avg_loss: 238.69809149579388
2021-05-30 17:16:38.943885 [8970e4c8] avg_penalties: {}
2021-05-30 17:16:38.943889 [8970e4c8] avg_penalty: 0.0
2021-05-30 17:16:38.943893 [8970e4c8] backward_time: 0.032282352447509766
2021-05-30 17:16:38.943897 [8970e4c8] batches: 23
2021-05-30 17:16:38.943901 [8970e4c8] entry_id: 8e92e311-10b8-4bfa-a2b0-8a61f8c3d8bc
2021-05-30 17:16:38.943905 [8970e4c8] epoch: 8
2021-05-30 17:16:38.943908 [8970e4c8] epoch_time: 0.5099270343780518
2021-05-30 17:16:38.943912 [8970e4c8] event: epoch_completed
2021-05-30 17:16:38.943916 [8970e4c8] forward_time: 0.04494905471801758
2021-05-30 17:16:38.943920 [8970e4c8] job: train
2021-05-30 17:16:38.943924 [8970e4c8] job_id: 8970e4c8-2c94-4a10-b473-3da2398ca8fd
2021-05-30 17:16:38.943928 [8970e4c8] lr:
2021-05-30 17:16:38.943932 [8970e4c8] - 0.8612306052818894
2021-05-30 17:16:38.943935 [8970e4c8] num_parameters: 220000
2021-05-30 17:16:38.943939 [8970e4c8] optimizer_time: 0.0076372623443603516
2021-05-30 17:16:38.943943 [8970e4c8] other_time: 0.3974590301513672
2021-05-30 17:16:38.943947 [8970e4c8] parent_job_id: 58142d6e-4ebe-4aed-b088-29264465bf53
2021-05-30 17:16:38.943951 [8970e4c8] prepare_time: 0.027599334716796875
2021-05-30 17:16:38.943955 [8970e4c8] scope: epoch
2021-05-30 17:16:38.943959 [8970e4c8] size: 2221
2021-05-30 17:16:38.943965 [8970e4c8] split: train
2021-05-30 17:16:38.943969 [8970e4c8] timestamp: 1622391398.9378283
2021-05-30 17:16:38.943973 [8970e4c8] type: KvsAll
2021-05-30 17:16:38.949065 [8970e4c8]   avg_cost: 238.69809149579388
2021-05-30 17:16:38.949083 [8970e4c8]   avg_loss: 238.69809149579388
2021-05-30 17:16:38.949094 [8970e4c8]   avg_penalties: {}
2021-05-30 17:16:38.949104 [8970e4c8]   avg_penalty: 0.0
2021-05-30 17:16:38.949114 [8970e4c8]   backward_time: 0.032282352447509766
2021-05-30 17:16:38.949124 [8970e4c8]   batches: 23
2021-05-30 17:16:38.949134 [8970e4c8]   entry_id: 8e92e311-10b8-4bfa-a2b0-8a61f8c3d8bc
2021-05-30 17:16:38.949143 [8970e4c8]   epoch: 8
2021-05-30 17:16:38.949153 [8970e4c8]   epoch_time: 0.5099270343780518
2021-05-30 17:16:38.949163 [8970e4c8]   event: epoch_completed
2021-05-30 17:16:38.949173 [8970e4c8]   forward_time: 0.04494905471801758
2021-05-30 17:16:38.949182 [8970e4c8]   job: train
2021-05-30 17:16:38.949192 [8970e4c8]   job_id: 8970e4c8-2c94-4a10-b473-3da2398ca8fd
2021-05-30 17:16:38.949202 [8970e4c8]   lr:
2021-05-30 17:16:38.949219 [8970e4c8]   - 0.8612306052818894
2021-05-30 17:16:38.949229 [8970e4c8]   num_parameters: 220000
2021-05-30 17:16:38.949238 [8970e4c8]   optimizer_time: 0.0076372623443603516
2021-05-30 17:16:38.949248 [8970e4c8]   other_time: 0.3974590301513672
2021-05-30 17:16:38.949262 [8970e4c8]   parent_job_id: 58142d6e-4ebe-4aed-b088-29264465bf53
2021-05-30 17:16:38.949271 [8970e4c8]   prepare_time: 0.027599334716796875
2021-05-30 17:16:38.949287 [8970e4c8]   scope: epoch
2021-05-30 17:16:38.949297 [8970e4c8]   size: 2221
2021-05-30 17:16:38.949306 [8970e4c8]   split: train
2021-05-30 17:16:38.949316 [8970e4c8]   timestamp: 1622391398.9378283
2021-05-30 17:16:38.949332 [8970e4c8]   type: KvsAll
2021-05-30 17:16:38.949854 [8970e4c8] Finished epoch 8.
2021-05-30 17:16:38.950342 [8970e4c8] Saving checkpoint to /home/jwentz/kge/local/experiments/20210530-171434-wordcraft-search-ax/00003/checkpoint_00008.pt...
2021-05-30 17:16:38.973790 [8970e4c8] Removing old checkpoint /home/jwentz/kge/local/experiments/20210530-171434-wordcraft-search-ax/00003/checkpoint_00007.pt...
2021-05-30 17:16:38.975359 [8970e4c8] Starting epoch 9...
2021-05-30 17:16:39.460126 [8970e4c8] avg_cost: 206.57628043499793
2021-05-30 17:16:39.460137 [8970e4c8] avg_loss: 206.57628043499793
2021-05-30 17:16:39.460141 [8970e4c8] avg_penalties: {}
2021-05-30 17:16:39.460144 [8970e4c8] avg_penalty: 0.0
2021-05-30 17:16:39.460147 [8970e4c8] backward_time: 0.03840517997741699
2021-05-30 17:16:39.460150 [8970e4c8] batches: 23
2021-05-30 17:16:39.460153 [8970e4c8] entry_id: 50130b13-2668-47b0-ba3a-77be33130675
2021-05-30 17:16:39.460156 [8970e4c8] epoch: 9
2021-05-30 17:16:39.460159 [8970e4c8] epoch_time: 0.4799189567565918
2021-05-30 17:16:39.460161 [8970e4c8] event: epoch_completed
2021-05-30 17:16:39.460164 [8970e4c8] forward_time: 0.041715145111083984
2021-05-30 17:16:39.460167 [8970e4c8] job: train
2021-05-30 17:16:39.460170 [8970e4c8] job_id: 8970e4c8-2c94-4a10-b473-3da2398ca8fd
2021-05-30 17:16:39.460173 [8970e4c8] lr:
2021-05-30 17:16:39.460176 [8970e4c8] - 0.8612306052818894
2021-05-30 17:16:39.460179 [8970e4c8] num_parameters: 220000
2021-05-30 17:16:39.460182 [8970e4c8] optimizer_time: 0.006777524948120117
2021-05-30 17:16:39.460185 [8970e4c8] other_time: 0.3678464889526367
2021-05-30 17:16:39.460187 [8970e4c8] parent_job_id: 58142d6e-4ebe-4aed-b088-29264465bf53
2021-05-30 17:16:39.460190 [8970e4c8] prepare_time: 0.025174617767333984
2021-05-30 17:16:39.460193 [8970e4c8] scope: epoch
2021-05-30 17:16:39.460196 [8970e4c8] size: 2221
2021-05-30 17:16:39.460199 [8970e4c8] split: train
2021-05-30 17:16:39.460202 [8970e4c8] timestamp: 1622391399.4556453
2021-05-30 17:16:39.460204 [8970e4c8] type: KvsAll
2021-05-30 17:16:39.463304 [8970e4c8]   avg_cost: 206.57628043499793
2021-05-30 17:16:39.463319 [8970e4c8]   avg_loss: 206.57628043499793
2021-05-30 17:16:39.463327 [8970e4c8]   avg_penalties: {}
2021-05-30 17:16:39.463335 [8970e4c8]   avg_penalty: 0.0
2021-05-30 17:16:39.463342 [8970e4c8]   backward_time: 0.03840517997741699
2021-05-30 17:16:39.463349 [8970e4c8]   batches: 23
2021-05-30 17:16:39.463356 [8970e4c8]   entry_id: 50130b13-2668-47b0-ba3a-77be33130675
2021-05-30 17:16:39.463363 [8970e4c8]   epoch: 9
2021-05-30 17:16:39.463371 [8970e4c8]   epoch_time: 0.4799189567565918
2021-05-30 17:16:39.463378 [8970e4c8]   event: epoch_completed
2021-05-30 17:16:39.463385 [8970e4c8]   forward_time: 0.041715145111083984
2021-05-30 17:16:39.463392 [8970e4c8]   job: train
2021-05-30 17:16:39.463405 [8970e4c8]   job_id: 8970e4c8-2c94-4a10-b473-3da2398ca8fd
2021-05-30 17:16:39.463412 [8970e4c8]   lr:
2021-05-30 17:16:39.463419 [8970e4c8]   - 0.8612306052818894
2021-05-30 17:16:39.463426 [8970e4c8]   num_parameters: 220000
2021-05-30 17:16:39.463433 [8970e4c8]   optimizer_time: 0.006777524948120117
2021-05-30 17:16:39.463441 [8970e4c8]   other_time: 0.3678464889526367
2021-05-30 17:16:39.463448 [8970e4c8]   parent_job_id: 58142d6e-4ebe-4aed-b088-29264465bf53
2021-05-30 17:16:39.463455 [8970e4c8]   prepare_time: 0.025174617767333984
2021-05-30 17:16:39.463462 [8970e4c8]   scope: epoch
