2021-05-30 17:34:15.843187 [90592c5b] Initializing 1-to-N training job...
2021-05-30 17:34:15.919758 [90592c5b] Saving checkpoint to /home/jwentz/kge/local/experiments/20210530-171434-wordcraft-search-ax/00015/checkpoint_00000.pt...
2021-05-30 17:34:15.927169 [90592c5b] Starting training...
2021-05-30 17:34:15.927665 [90592c5b] Starting epoch 1...
2021-05-30 17:34:15.965374 [90592c5b] CUDA memory after first batch: allocated=     2,533,376 reserved=   769,654,784 max_allocated=   258,084,352
2021-05-30 17:34:16.415882 [90592c5b] avg_cost: 13.977573859911683
2021-05-30 17:34:16.415893 [90592c5b] avg_loss: 13.977573859911683
2021-05-30 17:34:16.415897 [90592c5b] avg_penalties: {}
2021-05-30 17:34:16.415900 [90592c5b] avg_penalty: 0.0
2021-05-30 17:34:16.415903 [90592c5b] backward_time: 0.0305788516998291
2021-05-30 17:34:16.415906 [90592c5b] batches: 23
2021-05-30 17:34:16.415909 [90592c5b] entry_id: 341597c9-aade-433b-93db-55dbf5874081
2021-05-30 17:34:16.415912 [90592c5b] epoch: 1
2021-05-30 17:34:16.415915 [90592c5b] epoch_time: 0.4833395481109619
2021-05-30 17:34:16.415918 [90592c5b] event: epoch_completed
2021-05-30 17:34:16.415921 [90592c5b] forward_time: 0.04110574722290039
2021-05-30 17:34:16.415924 [90592c5b] job: train
2021-05-30 17:34:16.415927 [90592c5b] job_id: 90592c5b-0362-4bc4-9f54-0368efaaf6ae
2021-05-30 17:34:16.415930 [90592c5b] lr:
2021-05-30 17:34:16.415933 [90592c5b] - 0.33219573460519314
2021-05-30 17:34:16.415936 [90592c5b] num_parameters: 210600
2021-05-30 17:34:16.415939 [90592c5b] optimizer_time: 0.007080793380737305
2021-05-30 17:34:16.415942 [90592c5b] other_time: 0.37833404541015625
2021-05-30 17:34:16.415945 [90592c5b] parent_job_id: 58142d6e-4ebe-4aed-b088-29264465bf53
2021-05-30 17:34:16.415948 [90592c5b] prepare_time: 0.026240110397338867
2021-05-30 17:34:16.415951 [90592c5b] scope: epoch
2021-05-30 17:34:16.415953 [90592c5b] size: 2221
2021-05-30 17:34:16.415956 [90592c5b] split: train
2021-05-30 17:34:16.415959 [90592c5b] timestamp: 1622392456.4114785
2021-05-30 17:34:16.415962 [90592c5b] type: KvsAll
2021-05-30 17:34:16.419128 [90592c5b]   avg_cost: 13.977573859911683
2021-05-30 17:34:16.419143 [90592c5b]   avg_loss: 13.977573859911683
2021-05-30 17:34:16.419152 [90592c5b]   avg_penalties: {}
2021-05-30 17:34:16.419159 [90592c5b]   avg_penalty: 0.0
2021-05-30 17:34:16.419167 [90592c5b]   backward_time: 0.0305788516998291
2021-05-30 17:34:16.419174 [90592c5b]   batches: 23
2021-05-30 17:34:16.419182 [90592c5b]   entry_id: 341597c9-aade-433b-93db-55dbf5874081
2021-05-30 17:34:16.419189 [90592c5b]   epoch: 1
2021-05-30 17:34:16.419196 [90592c5b]   epoch_time: 0.4833395481109619
2021-05-30 17:34:16.419204 [90592c5b]   event: epoch_completed
2021-05-30 17:34:16.419211 [90592c5b]   forward_time: 0.04110574722290039
2021-05-30 17:34:16.419218 [90592c5b]   job: train
2021-05-30 17:34:16.419226 [90592c5b]   job_id: 90592c5b-0362-4bc4-9f54-0368efaaf6ae
2021-05-30 17:34:16.419233 [90592c5b]   lr:
2021-05-30 17:34:16.419240 [90592c5b]   - 0.33219573460519314
2021-05-30 17:34:16.419248 [90592c5b]   num_parameters: 210600
2021-05-30 17:34:16.419255 [90592c5b]   optimizer_time: 0.007080793380737305
2021-05-30 17:34:16.419262 [90592c5b]   other_time: 0.37833404541015625
2021-05-30 17:34:16.419269 [90592c5b]   parent_job_id: 58142d6e-4ebe-4aed-b088-29264465bf53
2021-05-30 17:34:16.419276 [90592c5b]   prepare_time: 0.026240110397338867
2021-05-30 17:34:16.419284 [90592c5b]   scope: epoch
2021-05-30 17:34:16.419291 [90592c5b]   size: 2221
2021-05-30 17:34:16.419298 [90592c5b]   split: train
2021-05-30 17:34:16.419306 [90592c5b]   timestamp: 1622392456.4114785
2021-05-30 17:34:16.419313 [90592c5b]   type: KvsAll
2021-05-30 17:34:16.419781 [90592c5b] Finished epoch 1.
2021-05-30 17:34:16.420220 [90592c5b] Saving checkpoint to /home/jwentz/kge/local/experiments/20210530-171434-wordcraft-search-ax/00015/checkpoint_00001.pt...
2021-05-30 17:34:16.427541 [90592c5b] Starting epoch 2...
2021-05-30 17:34:16.884952 [90592c5b] avg_cost: 2.9130075022692297
2021-05-30 17:34:16.884962 [90592c5b] avg_loss: 2.9130075022692297
2021-05-30 17:34:16.884966 [90592c5b] avg_penalties: {}
2021-05-30 17:34:16.884969 [90592c5b] avg_penalty: 0.0
2021-05-30 17:34:16.884972 [90592c5b] backward_time: 0.03188276290893555
2021-05-30 17:34:16.884975 [90592c5b] batches: 23
2021-05-30 17:34:16.884978 [90592c5b] entry_id: 842ee4c3-c916-4bb5-9d1a-b3d7afa37871
2021-05-30 17:34:16.884981 [90592c5b] epoch: 2
2021-05-30 17:34:16.884984 [90592c5b] epoch_time: 0.4525735378265381
2021-05-30 17:34:16.884987 [90592c5b] event: epoch_completed
2021-05-30 17:34:16.884990 [90592c5b] forward_time: 0.03953051567077637
2021-05-30 17:34:16.884993 [90592c5b] job: train
2021-05-30 17:34:16.884996 [90592c5b] job_id: 90592c5b-0362-4bc4-9f54-0368efaaf6ae
2021-05-30 17:34:16.884999 [90592c5b] lr:
2021-05-30 17:34:16.885002 [90592c5b] - 0.33219573460519314
2021-05-30 17:34:16.885005 [90592c5b] num_parameters: 210600
2021-05-30 17:34:16.885008 [90592c5b] optimizer_time: 0.006470203399658203
2021-05-30 17:34:16.885011 [90592c5b] other_time: 0.35019540786743164
2021-05-30 17:34:16.885014 [90592c5b] parent_job_id: 58142d6e-4ebe-4aed-b088-29264465bf53
2021-05-30 17:34:16.885017 [90592c5b] prepare_time: 0.024494647979736328
2021-05-30 17:34:16.885020 [90592c5b] scope: epoch
2021-05-30 17:34:16.885023 [90592c5b] size: 2221
2021-05-30 17:34:16.885026 [90592c5b] split: train
2021-05-30 17:34:16.885029 [90592c5b] timestamp: 1622392456.880546
2021-05-30 17:34:16.885032 [90592c5b] type: KvsAll
2021-05-30 17:34:16.888235 [90592c5b]   avg_cost: 2.9130075022692297
2021-05-30 17:34:16.888250 [90592c5b]   avg_loss: 2.9130075022692297
2021-05-30 17:34:16.888258 [90592c5b]   avg_penalties: {}
2021-05-30 17:34:16.888266 [90592c5b]   avg_penalty: 0.0
2021-05-30 17:34:16.888273 [90592c5b]   backward_time: 0.03188276290893555
2021-05-30 17:34:16.888281 [90592c5b]   batches: 23
2021-05-30 17:34:16.888288 [90592c5b]   entry_id: 842ee4c3-c916-4bb5-9d1a-b3d7afa37871
2021-05-30 17:34:16.888295 [90592c5b]   epoch: 2
2021-05-30 17:34:16.888311 [90592c5b]   epoch_time: 0.4525735378265381
2021-05-30 17:34:16.888318 [90592c5b]   event: epoch_completed
2021-05-30 17:34:16.888326 [90592c5b]   forward_time: 0.03953051567077637
2021-05-30 17:34:16.888333 [90592c5b]   job: train
2021-05-30 17:34:16.888340 [90592c5b]   job_id: 90592c5b-0362-4bc4-9f54-0368efaaf6ae
2021-05-30 17:34:16.888348 [90592c5b]   lr:
2021-05-30 17:34:16.888355 [90592c5b]   - 0.33219573460519314
2021-05-30 17:34:16.888362 [90592c5b]   num_parameters: 210600
2021-05-30 17:34:16.888369 [90592c5b]   optimizer_time: 0.006470203399658203
2021-05-30 17:34:16.888384 [90592c5b]   other_time: 0.35019540786743164
2021-05-30 17:34:16.888391 [90592c5b]   parent_job_id: 58142d6e-4ebe-4aed-b088-29264465bf53
2021-05-30 17:34:16.888398 [90592c5b]   prepare_time: 0.024494647979736328
2021-05-30 17:34:16.888405 [90592c5b]   scope: epoch
2021-05-30 17:34:16.888412 [90592c5b]   size: 2221
2021-05-30 17:34:16.888420 [90592c5b]   split: train
2021-05-30 17:34:16.888427 [90592c5b]   timestamp: 1622392456.880546
2021-05-30 17:34:16.888434 [90592c5b]   type: KvsAll
2021-05-30 17:34:16.888990 [90592c5b] Finished epoch 2.
2021-05-30 17:34:16.889450 [90592c5b] Saving checkpoint to /home/jwentz/kge/local/experiments/20210530-171434-wordcraft-search-ax/00015/checkpoint_00002.pt...
2021-05-30 17:34:16.896423 [90592c5b] Removing old checkpoint /home/jwentz/kge/local/experiments/20210530-171434-wordcraft-search-ax/00015/checkpoint_00001.pt...
2021-05-30 17:34:16.897751 [90592c5b] Starting epoch 3...
2021-05-30 17:34:17.382500 [90592c5b] avg_cost: 2.0703662622624397
2021-05-30 17:34:17.382511 [90592c5b] avg_loss: 2.0703662622624397
2021-05-30 17:34:17.382514 [90592c5b] avg_penalties: {}
2021-05-30 17:34:17.382517 [90592c5b] avg_penalty: 0.0
2021-05-30 17:34:17.382520 [90592c5b] backward_time: 0.032937049865722656
2021-05-30 17:34:17.382523 [90592c5b] batches: 23
2021-05-30 17:34:17.382526 [90592c5b] entry_id: 02091522-f83d-4b31-90ad-5d50e2263b03
2021-05-30 17:34:17.382529 [90592c5b] epoch: 3
2021-05-30 17:34:17.382532 [90592c5b] epoch_time: 0.47985005378723145
2021-05-30 17:34:17.382535 [90592c5b] event: epoch_completed
2021-05-30 17:34:17.382538 [90592c5b] forward_time: 0.041483402252197266
2021-05-30 17:34:17.382541 [90592c5b] job: train
2021-05-30 17:34:17.382544 [90592c5b] job_id: 90592c5b-0362-4bc4-9f54-0368efaaf6ae
2021-05-30 17:34:17.382547 [90592c5b] lr:
2021-05-30 17:34:17.382550 [90592c5b] - 0.33219573460519314
2021-05-30 17:34:17.382553 [90592c5b] num_parameters: 210600
2021-05-30 17:34:17.382556 [90592c5b] optimizer_time: 0.0069122314453125
2021-05-30 17:34:17.382559 [90592c5b] other_time: 0.37299180030822754
2021-05-30 17:34:17.382562 [90592c5b] parent_job_id: 58142d6e-4ebe-4aed-b088-29264465bf53
2021-05-30 17:34:17.382564 [90592c5b] prepare_time: 0.025525569915771484
2021-05-30 17:34:17.382567 [90592c5b] scope: epoch
2021-05-30 17:34:17.382570 [90592c5b] size: 2221
2021-05-30 17:34:17.382573 [90592c5b] split: train
2021-05-30 17:34:17.382576 [90592c5b] timestamp: 1622392457.3781025
2021-05-30 17:34:17.382579 [90592c5b] type: KvsAll
2021-05-30 17:34:17.385774 [90592c5b]   avg_cost: 2.0703662622624397
2021-05-30 17:34:17.385789 [90592c5b]   avg_loss: 2.0703662622624397
2021-05-30 17:34:17.385797 [90592c5b]   avg_penalties: {}
2021-05-30 17:34:17.385804 [90592c5b]   avg_penalty: 0.0
2021-05-30 17:34:17.385812 [90592c5b]   backward_time: 0.032937049865722656
2021-05-30 17:34:17.385819 [90592c5b]   batches: 23
2021-05-30 17:34:17.385826 [90592c5b]   entry_id: 02091522-f83d-4b31-90ad-5d50e2263b03
2021-05-30 17:34:17.385833 [90592c5b]   epoch: 3
2021-05-30 17:34:17.385841 [90592c5b]   epoch_time: 0.47985005378723145
2021-05-30 17:34:17.385848 [90592c5b]   event: epoch_completed
2021-05-30 17:34:17.385855 [90592c5b]   forward_time: 0.041483402252197266
2021-05-30 17:34:17.385862 [90592c5b]   job: train
2021-05-30 17:34:17.385876 [90592c5b]   job_id: 90592c5b-0362-4bc4-9f54-0368efaaf6ae
2021-05-30 17:34:17.385884 [90592c5b]   lr:
2021-05-30 17:34:17.385891 [90592c5b]   - 0.33219573460519314
2021-05-30 17:34:17.385898 [90592c5b]   num_parameters: 210600
2021-05-30 17:34:17.385905 [90592c5b]   optimizer_time: 0.0069122314453125
2021-05-30 17:34:17.385912 [90592c5b]   other_time: 0.37299180030822754
2021-05-30 17:34:17.385920 [90592c5b]   parent_job_id: 58142d6e-4ebe-4aed-b088-29264465bf53
2021-05-30 17:34:17.385927 [90592c5b]   prepare_time: 0.025525569915771484
2021-05-30 17:34:17.385934 [90592c5b]   scope: epoch
2021-05-30 17:34:17.385942 [90592c5b]   size: 2221
2021-05-30 17:34:17.385949 [90592c5b]   split: train
2021-05-30 17:34:17.385956 [90592c5b]   timestamp: 1622392457.3781025
2021-05-30 17:34:17.385963 [90592c5b]   type: KvsAll
2021-05-30 17:34:17.386651 [90592c5b] Finished epoch 3.
2021-05-30 17:34:17.387232 [90592c5b] Saving checkpoint to /home/jwentz/kge/local/experiments/20210530-171434-wordcraft-search-ax/00015/checkpoint_00003.pt...
2021-05-30 17:34:17.393726 [90592c5b] Removing old checkpoint /home/jwentz/kge/local/experiments/20210530-171434-wordcraft-search-ax/00015/checkpoint_00002.pt...
2021-05-30 17:34:17.394672 [90592c5b] Starting epoch 4...
2021-05-30 17:34:17.804065 [90592c5b] avg_cost: 1.6232561813394855
2021-05-30 17:34:17.804074 [90592c5b] avg_loss: 1.6232561813394855
2021-05-30 17:34:17.804077 [90592c5b] avg_penalties: {}
2021-05-30 17:34:17.804080 [90592c5b] avg_penalty: 0.0
2021-05-30 17:34:17.804082 [90592c5b] backward_time: 0.03141593933105469
2021-05-30 17:34:17.804085 [90592c5b] batches: 23
2021-05-30 17:34:17.804087 [90592c5b] entry_id: e8de8189-f9b0-457e-be8b-263c8cdb21f4
2021-05-30 17:34:17.804090 [90592c5b] epoch: 4
2021-05-30 17:34:17.804092 [90592c5b] epoch_time: 0.4054858684539795
2021-05-30 17:34:17.804095 [90592c5b] event: epoch_completed
2021-05-30 17:34:17.804097 [90592c5b] forward_time: 0.03438162803649902
2021-05-30 17:34:17.804099 [90592c5b] job: train
2021-05-30 17:34:17.804102 [90592c5b] job_id: 90592c5b-0362-4bc4-9f54-0368efaaf6ae
2021-05-30 17:34:17.804104 [90592c5b] lr:
2021-05-30 17:34:17.804107 [90592c5b] - 0.33219573460519314
2021-05-30 17:34:17.804109 [90592c5b] num_parameters: 210600
2021-05-30 17:34:17.804111 [90592c5b] optimizer_time: 0.005898714065551758
2021-05-30 17:34:17.804114 [90592c5b] other_time: 0.31113767623901367
2021-05-30 17:34:17.804116 [90592c5b] parent_job_id: 58142d6e-4ebe-4aed-b088-29264465bf53
2021-05-30 17:34:17.804119 [90592c5b] prepare_time: 0.02265191078186035
2021-05-30 17:34:17.804121 [90592c5b] scope: epoch
2021-05-30 17:34:17.804124 [90592c5b] size: 2221
2021-05-30 17:34:17.804126 [90592c5b] split: train
2021-05-30 17:34:17.804128 [90592c5b] timestamp: 1622392457.8006122
2021-05-30 17:34:17.804131 [90592c5b] type: KvsAll
2021-05-30 17:34:17.806791 [90592c5b]   avg_cost: 1.6232561813394855
2021-05-30 17:34:17.806802 [90592c5b]   avg_loss: 1.6232561813394855
2021-05-30 17:34:17.806808 [90592c5b]   avg_penalties: {}
2021-05-30 17:34:17.806814 [90592c5b]   avg_penalty: 0.0
2021-05-30 17:34:17.806820 [90592c5b]   backward_time: 0.03141593933105469
2021-05-30 17:34:17.806840 [90592c5b]   batches: 23
2021-05-30 17:34:17.806846 [90592c5b]   entry_id: e8de8189-f9b0-457e-be8b-263c8cdb21f4
2021-05-30 17:34:17.806851 [90592c5b]   epoch: 4
2021-05-30 17:34:17.806856 [90592c5b]   epoch_time: 0.4054858684539795
2021-05-30 17:34:17.806862 [90592c5b]   event: epoch_completed
2021-05-30 17:34:17.806867 [90592c5b]   forward_time: 0.03438162803649902
2021-05-30 17:34:17.806873 [90592c5b]   job: train
2021-05-30 17:34:17.806878 [90592c5b]   job_id: 90592c5b-0362-4bc4-9f54-0368efaaf6ae
2021-05-30 17:34:17.806884 [90592c5b]   lr:
2021-05-30 17:34:17.806889 [90592c5b]   - 0.33219573460519314
2021-05-30 17:34:17.806894 [90592c5b]   num_parameters: 210600
2021-05-30 17:34:17.806900 [90592c5b]   optimizer_time: 0.005898714065551758
2021-05-30 17:34:17.806905 [90592c5b]   other_time: 0.31113767623901367
2021-05-30 17:34:17.806911 [90592c5b]   parent_job_id: 58142d6e-4ebe-4aed-b088-29264465bf53
2021-05-30 17:34:17.806916 [90592c5b]   prepare_time: 0.02265191078186035
2021-05-30 17:34:17.806921 [90592c5b]   scope: epoch
2021-05-30 17:34:17.806927 [90592c5b]   size: 2221
2021-05-30 17:34:17.806932 [90592c5b]   split: train
2021-05-30 17:34:17.806938 [90592c5b]   timestamp: 1622392457.8006122
2021-05-30 17:34:17.806943 [90592c5b]   type: KvsAll
2021-05-30 17:34:17.807399 [90592c5b] Finished epoch 4.
2021-05-30 17:34:17.807817 [90592c5b] Saving checkpoint to /home/jwentz/kge/local/experiments/20210530-171434-wordcraft-search-ax/00015/checkpoint_00004.pt...
2021-05-30 17:34:17.822788 [90592c5b] Removing old checkpoint /home/jwentz/kge/local/experiments/20210530-171434-wordcraft-search-ax/00015/checkpoint_00003.pt...
2021-05-30 17:34:17.824376 [90592c5b] Starting epoch 5...
2021-05-30 17:34:18.291417 [90592c5b] avg_cost: 1.4072316504179598
2021-05-30 17:34:18.291427 [90592c5b] avg_loss: 1.4072316504179598
2021-05-30 17:34:18.291431 [90592c5b] avg_penalties: {}
2021-05-30 17:34:18.291434 [90592c5b] avg_penalty: 0.0
2021-05-30 17:34:18.291437 [90592c5b] backward_time: 0.022371292114257812
2021-05-30 17:34:18.291440 [90592c5b] batches: 23
2021-05-30 17:34:18.291443 [90592c5b] entry_id: 1adc6e4d-966d-4327-be1b-8a6aa8520d38
2021-05-30 17:34:18.291446 [90592c5b] epoch: 5
2021-05-30 17:34:18.291449 [90592c5b] epoch_time: 0.46219587326049805
2021-05-30 17:34:18.291452 [90592c5b] event: epoch_completed
2021-05-30 17:34:18.291455 [90592c5b] forward_time: 0.0380859375
2021-05-30 17:34:18.291458 [90592c5b] job: train
2021-05-30 17:34:18.291461 [90592c5b] job_id: 90592c5b-0362-4bc4-9f54-0368efaaf6ae
2021-05-30 17:34:18.291463 [90592c5b] lr:
2021-05-30 17:34:18.291466 [90592c5b] - 0.33219573460519314
2021-05-30 17:34:18.291469 [90592c5b] num_parameters: 210600
2021-05-30 17:34:18.291472 [90592c5b] optimizer_time: 0.0064411163330078125
2021-05-30 17:34:18.291475 [90592c5b] other_time: 0.3699820041656494
2021-05-30 17:34:18.291478 [90592c5b] parent_job_id: 58142d6e-4ebe-4aed-b088-29264465bf53
2021-05-30 17:34:18.291481 [90592c5b] prepare_time: 0.025315523147583008
2021-05-30 17:34:18.291484 [90592c5b] scope: epoch
2021-05-30 17:34:18.291487 [90592c5b] size: 2221
2021-05-30 17:34:18.291490 [90592c5b] split: train
2021-05-30 17:34:18.291492 [90592c5b] timestamp: 1622392458.2870536
2021-05-30 17:34:18.291495 [90592c5b] type: KvsAll
2021-05-30 17:34:18.294486 [90592c5b]   avg_cost: 1.4072316504179598
2021-05-30 17:34:18.294500 [90592c5b]   avg_loss: 1.4072316504179598
2021-05-30 17:34:18.294508 [90592c5b]   avg_penalties: {}
2021-05-30 17:34:18.294516 [90592c5b]   avg_penalty: 0.0
2021-05-30 17:34:18.294523 [90592c5b]   backward_time: 0.022371292114257812
2021-05-30 17:34:18.294530 [90592c5b]   batches: 23
2021-05-30 17:34:18.294538 [90592c5b]   entry_id: 1adc6e4d-966d-4327-be1b-8a6aa8520d38
2021-05-30 17:34:18.294545 [90592c5b]   epoch: 5
2021-05-30 17:34:18.294552 [90592c5b]   epoch_time: 0.46219587326049805
2021-05-30 17:34:18.294559 [90592c5b]   event: epoch_completed
2021-05-30 17:34:18.294566 [90592c5b]   forward_time: 0.0380859375
2021-05-30 17:34:18.294574 [90592c5b]   job: train
2021-05-30 17:34:18.294581 [90592c5b]   job_id: 90592c5b-0362-4bc4-9f54-0368efaaf6ae
2021-05-30 17:34:18.294588 [90592c5b]   lr:
2021-05-30 17:34:18.294595 [90592c5b]   - 0.33219573460519314
2021-05-30 17:34:18.294603 [90592c5b]   num_parameters: 210600
2021-05-30 17:34:18.294609 [90592c5b]   optimizer_time: 0.0064411163330078125
2021-05-30 17:34:18.294617 [90592c5b]   other_time: 0.3699820041656494
2021-05-30 17:34:18.294624 [90592c5b]   parent_job_id: 58142d6e-4ebe-4aed-b088-29264465bf53
2021-05-30 17:34:18.294631 [90592c5b]   prepare_time: 0.025315523147583008
2021-05-30 17:34:18.294638 [90592c5b]   scope: epoch
2021-05-30 17:34:18.294646 [90592c5b]   size: 2221
2021-05-30 17:34:18.294656 [90592c5b]   split: train
2021-05-30 17:34:18.294663 [90592c5b]   timestamp: 1622392458.2870536
2021-05-30 17:34:18.294670 [90592c5b]   type: KvsAll
2021-05-30 17:34:18.295189 [90592c5b] Finished epoch 5.
2021-05-30 17:34:18.295832 [bd298d11] Evaluating on valid data (epoch 5)...
2021-05-30 17:34:18.447425 [bd298d11] batches: 11
2021-05-30 17:34:18.447434 [bd298d11] entry_id: 2152c2a4-65bf-4d1c-b389-c982fedc3d26
2021-05-30 17:34:18.447437 [bd298d11] epoch: 5
2021-05-30 17:34:18.447440 [bd298d11] epoch_time: 0.14287638664245605
2021-05-30 17:34:18.447442 [bd298d11] event: eval_completed
2021-05-30 17:34:18.447445 [bd298d11] filter_splits:
2021-05-30 17:34:18.447447 [bd298d11] - train
2021-05-30 17:34:18.447449 [bd298d11] - valid
2021-05-30 17:34:18.447452 [bd298d11] hits_at_1: 0.02385589094449854
2021-05-30 17:34:18.447454 [bd298d11] hits_at_10: 0.20399221032132425
2021-05-30 17:34:18.447456 [bd298d11] hits_at_100: 0.6353456669912366
2021-05-30 17:34:18.447459 [bd298d11] hits_at_100_filtered: 0.682570593962999
2021-05-30 17:34:18.447461 [bd298d11] hits_at_100_filtered_with_test: 0.6859785783836417
2021-05-30 17:34:18.447464 [bd298d11] hits_at_10_filtered: 0.41480038948393383
2021-05-30 17:34:18.447466 [bd298d11] hits_at_10_filtered_with_test: 0.4381694255111977
2021-05-30 17:34:18.447468 [bd298d11] hits_at_1_filtered: 0.17721518987341772
2021-05-30 17:34:18.447471 [bd298d11] hits_at_1_filtered_with_test: 0.22687439143135346
2021-05-30 17:34:18.447473 [bd298d11] hits_at_200: 0.7692307692307693
2021-05-30 17:34:18.447475 [bd298d11] hits_at_200_filtered: 0.7852969814995132
2021-05-30 17:34:18.447478 [bd298d11] hits_at_200_filtered_with_test: 0.7877312560856865
2021-05-30 17:34:18.447480 [bd298d11] hits_at_3: 0.06864654333008764
2021-05-30 17:34:18.447482 [bd298d11] hits_at_300: 0.8373904576436222
2021-05-30 17:34:18.447484 [bd298d11] hits_at_300_filtered: 0.8485881207400195
2021-05-30 17:34:18.447487 [bd298d11] hits_at_300_filtered_with_test: 0.8485881207400195
2021-05-30 17:34:18.447489 [bd298d11] hits_at_3_filtered: 0.2901655306718598
2021-05-30 17:34:18.447491 [bd298d11] hits_at_3_filtered_with_test: 0.31110029211295037
2021-05-30 17:34:18.447494 [bd298d11] hits_at_400: 0.8807205452775073
2021-05-30 17:34:18.447496 [bd298d11] hits_at_400_filtered: 0.8875365141187926
2021-05-30 17:34:18.447498 [bd298d11] hits_at_400_filtered_with_test: 0.8889970788704966
2021-05-30 17:34:18.447500 [bd298d11] hits_at_50: 0.5102239532619279
2021-05-30 17:34:18.447503 [bd298d11] hits_at_500: 0.9206426484907498
2021-05-30 17:34:18.447505 [bd298d11] hits_at_500_filtered: 0.9303797468354431
2021-05-30 17:34:18.447507 [bd298d11] hits_at_500_filtered_with_test: 0.9318403115871471
2021-05-30 17:34:18.447509 [bd298d11] hits_at_50_filtered: 0.5954235637779942
2021-05-30 17:34:18.447512 [bd298d11] hits_at_50_filtered_with_test: 0.5988315481986368
2021-05-30 17:34:18.447514 [bd298d11] job: eval
2021-05-30 17:34:18.447516 [bd298d11] job_id: bd298d11-a06a-4bd3-815d-09efa6f3480b
2021-05-30 17:34:18.447519 [bd298d11] mean_rank: 133.8203505355404
2021-05-30 17:34:18.447521 [bd298d11] mean_rank_filtered: 115.269717624148
2021-05-30 17:34:18.447523 [bd298d11] mean_rank_filtered_with_test: 113.93184031158715
2021-05-30 17:34:18.447525 [bd298d11] mean_reciprocal_rank: 0.0816917530865841
2021-05-30 17:34:18.447528 [bd298d11] mean_reciprocal_rank_filtered: 0.2594201256028633
2021-05-30 17:34:18.447530 [bd298d11] mean_reciprocal_rank_filtered_with_test: 0.29525765750517285
2021-05-30 17:34:18.447532 [bd298d11] num_parameters: 210600
2021-05-30 17:34:18.447535 [bd298d11] parent_job_id: 90592c5b-0362-4bc4-9f54-0368efaaf6ae
2021-05-30 17:34:18.447537 [bd298d11] scope: epoch
2021-05-30 17:34:18.447539 [bd298d11] size: 1027
2021-05-30 17:34:18.447542 [bd298d11] split: valid
2021-05-30 17:34:18.447544 [bd298d11] timestamp: 1622392458.4392278
2021-05-30 17:34:18.447546 [bd298d11] type: entity_ranking
2021-05-30 17:34:18.451999 [bd298d11]   batches: 11
2021-05-30 17:34:18.452011 [bd298d11]   entry_id: 2152c2a4-65bf-4d1c-b389-c982fedc3d26
2021-05-30 17:34:18.452017 [bd298d11]   epoch: 5
2021-05-30 17:34:18.452023 [bd298d11]   epoch_time: 0.14287638664245605
2021-05-30 17:34:18.452028 [bd298d11]   event: eval_completed
2021-05-30 17:34:18.452034 [bd298d11]   filter_splits:
2021-05-30 17:34:18.452040 [bd298d11]   - train
2021-05-30 17:34:18.452051 [bd298d11]   - valid
2021-05-30 17:34:18.452057 [bd298d11]   hits_at_1: 0.02385589094449854
2021-05-30 17:34:18.452062 [bd298d11]   hits_at_10: 0.20399221032132425
2021-05-30 17:34:18.452068 [bd298d11]   hits_at_100: 0.6353456669912366
2021-05-30 17:34:18.452073 [bd298d11]   hits_at_100_filtered: 0.682570593962999
2021-05-30 17:34:18.452079 [bd298d11]   hits_at_100_filtered_with_test: 0.6859785783836417
2021-05-30 17:34:18.452085 [bd298d11]   hits_at_10_filtered: 0.41480038948393383
2021-05-30 17:34:18.452091 [bd298d11]   hits_at_10_filtered_with_test: 0.4381694255111977
2021-05-30 17:34:18.452097 [bd298d11]   hits_at_1_filtered: 0.17721518987341772
2021-05-30 17:34:18.452102 [bd298d11]   hits_at_1_filtered_with_test: 0.22687439143135346
2021-05-30 17:34:18.452108 [bd298d11]   hits_at_200: 0.7692307692307693
2021-05-30 17:34:18.452114 [bd298d11]   hits_at_200_filtered: 0.7852969814995132
2021-05-30 17:34:18.452119 [bd298d11]   hits_at_200_filtered_with_test: 0.7877312560856865
2021-05-30 17:34:18.452125 [bd298d11]   hits_at_3: 0.06864654333008764
2021-05-30 17:34:18.452131 [bd298d11]   hits_at_300: 0.8373904576436222
2021-05-30 17:34:18.452136 [bd298d11]   hits_at_300_filtered: 0.8485881207400195
2021-05-30 17:34:18.452142 [bd298d11]   hits_at_300_filtered_with_test: 0.8485881207400195
2021-05-30 17:34:18.452148 [bd298d11]   hits_at_3_filtered: 0.2901655306718598
2021-05-30 17:34:18.452153 [bd298d11]   hits_at_3_filtered_with_test: 0.31110029211295037
2021-05-30 17:34:18.452161 [bd298d11]   hits_at_400: 0.8807205452775073
2021-05-30 17:34:18.452166 [bd298d11]   hits_at_400_filtered: 0.8875365141187926
2021-05-30 17:34:18.452172 [bd298d11]   hits_at_400_filtered_with_test: 0.8889970788704966
2021-05-30 17:34:18.452178 [bd298d11]   hits_at_50: 0.5102239532619279
2021-05-30 17:34:18.452184 [bd298d11]   hits_at_500: 0.9206426484907498
2021-05-30 17:34:18.452190 [bd298d11]   hits_at_500_filtered: 0.9303797468354431
2021-05-30 17:34:18.452195 [bd298d11]   hits_at_500_filtered_with_test: 0.9318403115871471
2021-05-30 17:34:18.452201 [bd298d11]   hits_at_50_filtered: 0.5954235637779942
2021-05-30 17:34:18.452207 [bd298d11]   hits_at_50_filtered_with_test: 0.5988315481986368
2021-05-30 17:34:18.452213 [bd298d11]   job: eval
2021-05-30 17:34:18.452219 [bd298d11]   job_id: bd298d11-a06a-4bd3-815d-09efa6f3480b
2021-05-30 17:34:18.452225 [bd298d11]   mean_rank: 133.8203505355404
2021-05-30 17:34:18.452232 [bd298d11]   mean_rank_filtered: 115.269717624148
2021-05-30 17:34:18.452237 [bd298d11]   mean_rank_filtered_with_test: 113.93184031158715
2021-05-30 17:34:18.452243 [bd298d11]   mean_reciprocal_rank: 0.0816917530865841
2021-05-30 17:34:18.452249 [bd298d11]   mean_reciprocal_rank_filtered: 0.2594201256028633
2021-05-30 17:34:18.452254 [bd298d11]   mean_reciprocal_rank_filtered_with_test: 0.29525765750517285
2021-05-30 17:34:18.452260 [bd298d11]   num_parameters: 210600
2021-05-30 17:34:18.452266 [bd298d11]   parent_job_id: 90592c5b-0362-4bc4-9f54-0368efaaf6ae
2021-05-30 17:34:18.452272 [bd298d11]   scope: epoch
2021-05-30 17:34:18.452278 [bd298d11]   size: 1027
2021-05-30 17:34:18.452283 [bd298d11]   split: valid
2021-05-30 17:34:18.452289 [bd298d11]   timestamp: 1622392458.4392278
2021-05-30 17:34:18.452294 [bd298d11]   type: entity_ranking
2021-05-30 17:34:18.452816 [bd298d11] Finished evaluating on valid split.
2021-05-30 17:34:18.458026 [90592c5b] Saving checkpoint to /home/jwentz/kge/local/experiments/20210530-171434-wordcraft-search-ax/00015/checkpoint_00005.pt...
2021-05-30 17:34:18.464394 [90592c5b] Removing old checkpoint /home/jwentz/kge/local/experiments/20210530-171434-wordcraft-search-ax/00015/checkpoint_00004.pt...
2021-05-30 17:34:18.465991 [90592c5b] Saving checkpoint to /home/jwentz/kge/local/experiments/20210530-171434-wordcraft-search-ax/00015/checkpoint_best.pt...
2021-05-30 17:34:18.475441 [90592c5b] Starting epoch 6...
2021-05-30 17:34:18.947671 [90592c5b] avg_cost: 1.2324095497470566
2021-05-30 17:34:18.947682 [90592c5b] avg_loss: 1.2324095497470566
2021-05-30 17:34:18.947686 [90592c5b] avg_penalties: {}
2021-05-30 17:34:18.947689 [90592c5b] avg_penalty: 0.0
2021-05-30 17:34:18.947692 [90592c5b] backward_time: 0.024013519287109375
2021-05-30 17:34:18.947695 [90592c5b] batches: 23
2021-05-30 17:34:18.947698 [90592c5b] entry_id: 374a92ec-0f84-44af-8960-a7a4f81cf0cf
2021-05-30 17:34:18.947711 [90592c5b] epoch: 6
2021-05-30 17:34:18.947714 [90592c5b] epoch_time: 0.4668395519256592
2021-05-30 17:34:18.947717 [90592c5b] event: epoch_completed
2021-05-30 17:34:18.947720 [90592c5b] forward_time: 0.03864645957946777
2021-05-30 17:34:18.947723 [90592c5b] job: train
2021-05-30 17:34:18.947726 [90592c5b] job_id: 90592c5b-0362-4bc4-9f54-0368efaaf6ae
2021-05-30 17:34:18.947729 [90592c5b] lr:
2021-05-30 17:34:18.947732 [90592c5b] - 0.33219573460519314
2021-05-30 17:34:18.947735 [90592c5b] num_parameters: 210600
2021-05-30 17:34:18.947738 [90592c5b] optimizer_time: 0.006618499755859375
2021-05-30 17:34:18.947741 [90592c5b] other_time: 0.37203121185302734
2021-05-30 17:34:18.947744 [90592c5b] parent_job_id: 58142d6e-4ebe-4aed-b088-29264465bf53
2021-05-30 17:34:18.947747 [90592c5b] prepare_time: 0.025529861450195312
2021-05-30 17:34:18.947750 [90592c5b] scope: epoch
2021-05-30 17:34:18.947753 [90592c5b] size: 2221
2021-05-30 17:34:18.947756 [90592c5b] split: train
2021-05-30 17:34:18.947759 [90592c5b] timestamp: 1622392458.9427643
2021-05-30 17:34:18.947762 [90592c5b] type: KvsAll
2021-05-30 17:34:18.951100 [90592c5b]   avg_cost: 1.2324095497470566
2021-05-30 17:34:18.951114 [90592c5b]   avg_loss: 1.2324095497470566
2021-05-30 17:34:18.951122 [90592c5b]   avg_penalties: {}
2021-05-30 17:34:18.951130 [90592c5b]   avg_penalty: 0.0
2021-05-30 17:34:18.951137 [90592c5b]   backward_time: 0.024013519287109375
2021-05-30 17:34:18.951144 [90592c5b]   batches: 23
2021-05-30 17:34:18.951152 [90592c5b]   entry_id: 374a92ec-0f84-44af-8960-a7a4f81cf0cf
2021-05-30 17:34:18.951159 [90592c5b]   epoch: 6
2021-05-30 17:34:18.951166 [90592c5b]   epoch_time: 0.4668395519256592
2021-05-30 17:34:18.951174 [90592c5b]   event: epoch_completed
2021-05-30 17:34:18.951181 [90592c5b]   forward_time: 0.03864645957946777
2021-05-30 17:34:18.951199 [90592c5b]   job: train
2021-05-30 17:34:18.951206 [90592c5b]   job_id: 90592c5b-0362-4bc4-9f54-0368efaaf6ae
2021-05-30 17:34:18.951214 [90592c5b]   lr:
2021-05-30 17:34:18.951221 [90592c5b]   - 0.33219573460519314
2021-05-30 17:34:18.951228 [90592c5b]   num_parameters: 210600
2021-05-30 17:34:18.951235 [90592c5b]   optimizer_time: 0.006618499755859375
2021-05-30 17:34:18.951243 [90592c5b]   other_time: 0.37203121185302734
2021-05-30 17:34:18.951250 [90592c5b]   parent_job_id: 58142d6e-4ebe-4aed-b088-29264465bf53
2021-05-30 17:34:18.951257 [90592c5b]   prepare_time: 0.025529861450195312
2021-05-30 17:34:18.951265 [90592c5b]   scope: epoch
2021-05-30 17:34:18.951272 [90592c5b]   size: 2221
2021-05-30 17:34:18.951279 [90592c5b]   split: train
2021-05-30 17:34:18.951287 [90592c5b]   timestamp: 1622392458.9427643
2021-05-30 17:34:18.951294 [90592c5b]   type: KvsAll
2021-05-30 17:34:18.954084 [90592c5b] Finished epoch 6.
2021-05-30 17:34:18.956320 [90592c5b] Saving checkpoint to /home/jwentz/kge/local/experiments/20210530-171434-wordcraft-search-ax/00015/checkpoint_00006.pt...
2021-05-30 17:34:18.967562 [90592c5b] Starting epoch 7...
2021-05-30 17:34:19.444799 [90592c5b] avg_cost: 1.1339198556208279
2021-05-30 17:34:19.444809 [90592c5b] avg_loss: 1.1339198556208279
2021-05-30 17:34:19.444813 [90592c5b] avg_penalties: {}
2021-05-30 17:34:19.444816 [90592c5b] avg_penalty: 0.0
2021-05-30 17:34:19.444819 [90592c5b] backward_time: 0.02272629737854004
2021-05-30 17:34:19.444823 [90592c5b] batches: 23
2021-05-30 17:34:19.444826 [90592c5b] entry_id: fbdd225f-1996-41bc-8e3c-9059d81de074
2021-05-30 17:34:19.444829 [90592c5b] epoch: 7
2021-05-30 17:34:19.444831 [90592c5b] epoch_time: 0.47238802909851074
2021-05-30 17:34:19.444835 [90592c5b] event: epoch_completed
2021-05-30 17:34:19.444837 [90592c5b] forward_time: 0.03938746452331543
2021-05-30 17:34:19.444840 [90592c5b] job: train
2021-05-30 17:34:19.444843 [90592c5b] job_id: 90592c5b-0362-4bc4-9f54-0368efaaf6ae
2021-05-30 17:34:19.444846 [90592c5b] lr:
2021-05-30 17:34:19.444849 [90592c5b] - 0.33219573460519314
2021-05-30 17:34:19.444852 [90592c5b] num_parameters: 210600
2021-05-30 17:34:19.444855 [90592c5b] optimizer_time: 0.006692409515380859
2021-05-30 17:34:19.444858 [90592c5b] other_time: 0.37743520736694336
2021-05-30 17:34:19.444861 [90592c5b] parent_job_id: 58142d6e-4ebe-4aed-b088-29264465bf53
2021-05-30 17:34:19.444864 [90592c5b] prepare_time: 0.026146650314331055
2021-05-30 17:34:19.444867 [90592c5b] scope: epoch
2021-05-30 17:34:19.444870 [90592c5b] size: 2221
2021-05-30 17:34:19.444873 [90592c5b] split: train
2021-05-30 17:34:19.444876 [90592c5b] timestamp: 1622392459.4403822
2021-05-30 17:34:19.444878 [90592c5b] type: KvsAll
2021-05-30 17:34:19.448012 [90592c5b]   avg_cost: 1.1339198556208279
2021-05-30 17:34:19.448026 [90592c5b]   avg_loss: 1.1339198556208279
2021-05-30 17:34:19.448035 [90592c5b]   avg_penalties: {}
2021-05-30 17:34:19.448058 [90592c5b]   avg_penalty: 0.0
2021-05-30 17:34:19.448067 [90592c5b]   backward_time: 0.02272629737854004
2021-05-30 17:34:19.448074 [90592c5b]   batches: 23
2021-05-30 17:34:19.448081 [90592c5b]   entry_id: fbdd225f-1996-41bc-8e3c-9059d81de074
2021-05-30 17:34:19.448089 [90592c5b]   epoch: 7
2021-05-30 17:34:19.448096 [90592c5b]   epoch_time: 0.47238802909851074
2021-05-30 17:34:19.448104 [90592c5b]   event: epoch_completed
2021-05-30 17:34:19.448111 [90592c5b]   forward_time: 0.03938746452331543
2021-05-30 17:34:19.448118 [90592c5b]   job: train
2021-05-30 17:34:19.448126 [90592c5b]   job_id: 90592c5b-0362-4bc4-9f54-0368efaaf6ae
2021-05-30 17:34:19.448134 [90592c5b]   lr:
2021-05-30 17:34:19.448141 [90592c5b]   - 0.33219573460519314
2021-05-30 17:34:19.448148 [90592c5b]   num_parameters: 210600
2021-05-30 17:34:19.448155 [90592c5b]   optimizer_time: 0.006692409515380859
2021-05-30 17:34:19.448163 [90592c5b]   other_time: 0.37743520736694336
2021-05-30 17:34:19.448170 [90592c5b]   parent_job_id: 58142d6e-4ebe-4aed-b088-29264465bf53
2021-05-30 17:34:19.448177 [90592c5b]   prepare_time: 0.026146650314331055
2021-05-30 17:34:19.448185 [90592c5b]   scope: epoch
2021-05-30 17:34:19.448192 [90592c5b]   size: 2221
2021-05-30 17:34:19.448199 [90592c5b]   split: train
2021-05-30 17:34:19.448206 [90592c5b]   timestamp: 1622392459.4403822
2021-05-30 17:34:19.448213 [90592c5b]   type: KvsAll
2021-05-30 17:34:19.449292 [90592c5b] Finished epoch 7.
2021-05-30 17:34:19.450327 [90592c5b] Saving checkpoint to /home/jwentz/kge/local/experiments/20210530-171434-wordcraft-search-ax/00015/checkpoint_00007.pt...
2021-05-30 17:34:19.458175 [90592c5b] Removing old checkpoint /home/jwentz/kge/local/experiments/20210530-171434-wordcraft-search-ax/00015/checkpoint_00006.pt...
2021-05-30 17:34:19.459299 [90592c5b] Starting epoch 8...
2021-05-30 17:34:19.876946 [90592c5b] avg_cost: 1.06736439597977
2021-05-30 17:34:19.876955 [90592c5b] avg_loss: 1.06736439597977
2021-05-30 17:34:19.876957 [90592c5b] avg_penalties: {}
2021-05-30 17:34:19.876960 [90592c5b] avg_penalty: 0.0
2021-05-30 17:34:19.876963 [90592c5b] backward_time: 0.024676799774169922
2021-05-30 17:34:19.876965 [90592c5b] batches: 23
2021-05-30 17:34:19.876968 [90592c5b] entry_id: b429915d-02bb-417b-92ee-79eadb195ca4
2021-05-30 17:34:19.876970 [90592c5b] epoch: 8
2021-05-30 17:34:19.876973 [90592c5b] epoch_time: 0.4136652946472168
2021-05-30 17:34:19.876975 [90592c5b] event: epoch_completed
2021-05-30 17:34:19.876978 [90592c5b] forward_time: 0.035111427307128906
2021-05-30 17:34:19.876981 [90592c5b] job: train
2021-05-30 17:34:19.876983 [90592c5b] job_id: 90592c5b-0362-4bc4-9f54-0368efaaf6ae
2021-05-30 17:34:19.876986 [90592c5b] lr:
2021-05-30 17:34:19.876988 [90592c5b] - 0.33219573460519314
2021-05-30 17:34:19.876990 [90592c5b] num_parameters: 210600
2021-05-30 17:34:19.876993 [90592c5b] optimizer_time: 0.006143331527709961
2021-05-30 17:34:19.876995 [90592c5b] other_time: 0.32480788230895996
2021-05-30 17:34:19.876998 [90592c5b] parent_job_id: 58142d6e-4ebe-4aed-b088-29264465bf53
2021-05-30 17:34:19.877001 [90592c5b] prepare_time: 0.022925853729248047
2021-05-30 17:34:19.877003 [90592c5b] scope: epoch
2021-05-30 17:34:19.877005 [90592c5b] size: 2221
2021-05-30 17:34:19.877008 [90592c5b] split: train
2021-05-30 17:34:19.877010 [90592c5b] timestamp: 1622392459.8733373
2021-05-30 17:34:19.877013 [90592c5b] type: KvsAll
2021-05-30 17:34:19.879921 [90592c5b]   avg_cost: 1.06736439597977
2021-05-30 17:34:19.879933 [90592c5b]   avg_loss: 1.06736439597977
2021-05-30 17:34:19.879939 [90592c5b]   avg_penalties: {}
2021-05-30 17:34:19.879945 [90592c5b]   avg_penalty: 0.0
2021-05-30 17:34:19.879952 [90592c5b]   backward_time: 0.024676799774169922
2021-05-30 17:34:19.879958 [90592c5b]   batches: 23
2021-05-30 17:34:19.879963 [90592c5b]   entry_id: b429915d-02bb-417b-92ee-79eadb195ca4
2021-05-30 17:34:19.879969 [90592c5b]   epoch: 8
2021-05-30 17:34:19.879975 [90592c5b]   epoch_time: 0.4136652946472168
2021-05-30 17:34:19.879981 [90592c5b]   event: epoch_completed
2021-05-30 17:34:19.879987 [90592c5b]   forward_time: 0.035111427307128906
2021-05-30 17:34:19.879993 [90592c5b]   job: train
2021-05-30 17:34:19.879999 [90592c5b]   job_id: 90592c5b-0362-4bc4-9f54-0368efaaf6ae
2021-05-30 17:34:19.880005 [90592c5b]   lr:
2021-05-30 17:34:19.880011 [90592c5b]   - 0.33219573460519314
2021-05-30 17:34:19.880017 [90592c5b]   num_parameters: 210600
2021-05-30 17:34:19.880022 [90592c5b]   optimizer_time: 0.006143331527709961
2021-05-30 17:34:19.880028 [90592c5b]   other_time: 0.32480788230895996
2021-05-30 17:34:19.880034 [90592c5b]   parent_job_id: 58142d6e-4ebe-4aed-b088-29264465bf53
2021-05-30 17:34:19.880040 [90592c5b]   prepare_time: 0.022925853729248047
2021-05-30 17:34:19.880061 [90592c5b]   scope: epoch
2021-05-30 17:34:19.880068 [90592c5b]   size: 2221
2021-05-30 17:34:19.880073 [90592c5b]   split: train
2021-05-30 17:34:19.880094 [90592c5b]   timestamp: 1622392459.8733373
2021-05-30 17:34:19.880100 [90592c5b]   type: KvsAll
2021-05-30 17:34:19.880572 [90592c5b] Finished epoch 8.
2021-05-30 17:34:19.880965 [90592c5b] Saving checkpoint to /home/jwentz/kge/local/experiments/20210530-171434-wordcraft-search-ax/00015/checkpoint_00008.pt...
2021-05-30 17:34:19.887505 [90592c5b] Removing old checkpoint /home/jwentz/kge/local/experiments/20210530-171434-wordcraft-search-ax/00015/checkpoint_00007.pt...
2021-05-30 17:34:19.889118 [90592c5b] Starting epoch 9...
2021-05-30 17:34:20.374147 [90592c5b] avg_cost: 1.01748793759039
2021-05-30 17:34:20.374157 [90592c5b] avg_loss: 1.01748793759039
2021-05-30 17:34:20.374161 [90592c5b] avg_penalties: {}
2021-05-30 17:34:20.374164 [90592c5b] avg_penalty: 0.0
2021-05-30 17:34:20.374167 [90592c5b] backward_time: 0.029416322708129883
2021-05-30 17:34:20.374170 [90592c5b] batches: 23
2021-05-30 17:34:20.374173 [90592c5b] entry_id: 2b9b3965-cf9d-474f-a991-446156d74a83
2021-05-30 17:34:20.374176 [90592c5b] epoch: 9
2021-05-30 17:34:20.374179 [90592c5b] epoch_time: 0.48020005226135254
2021-05-30 17:34:20.374183 [90592c5b] event: epoch_completed
2021-05-30 17:34:20.374186 [90592c5b] forward_time: 0.04109358787536621
2021-05-30 17:34:20.374189 [90592c5b] job: train
2021-05-30 17:34:20.374192 [90592c5b] job_id: 90592c5b-0362-4bc4-9f54-0368efaaf6ae
2021-05-30 17:34:20.374195 [90592c5b] lr:
2021-05-30 17:34:20.374198 [90592c5b] - 0.33219573460519314
2021-05-30 17:34:20.374201 [90592c5b] num_parameters: 210600
2021-05-30 17:34:20.374203 [90592c5b] optimizer_time: 0.00702667236328125
2021-05-30 17:34:20.374206 [90592c5b] other_time: 0.3768751621246338
2021-05-30 17:34:20.374209 [90592c5b] parent_job_id: 58142d6e-4ebe-4aed-b088-29264465bf53
2021-05-30 17:34:20.374212 [90592c5b] prepare_time: 0.025788307189941406
2021-05-30 17:34:20.374215 [90592c5b] scope: epoch
2021-05-30 17:34:20.374218 [90592c5b] size: 2221
2021-05-30 17:34:20.374221 [90592c5b] split: train
2021-05-30 17:34:20.374224 [90592c5b] timestamp: 1622392460.369748
2021-05-30 17:34:20.374227 [90592c5b] type: KvsAll
2021-05-30 17:34:20.377493 [90592c5b]   avg_cost: 1.01748793759039
2021-05-30 17:34:20.377507 [90592c5b]   avg_loss: 1.01748793759039
2021-05-30 17:34:20.377515 [90592c5b]   avg_penalties: {}
2021-05-30 17:34:20.377523 [90592c5b]   avg_penalty: 0.0
2021-05-30 17:34:20.377531 [90592c5b]   backward_time: 0.029416322708129883
2021-05-30 17:34:20.377538 [90592c5b]   batches: 23
2021-05-30 17:34:20.377545 [90592c5b]   entry_id: 2b9b3965-cf9d-474f-a991-446156d74a83
2021-05-30 17:34:20.377552 [90592c5b]   epoch: 9
2021-05-30 17:34:20.377559 [90592c5b]   epoch_time: 0.48020005226135254
2021-05-30 17:34:20.377567 [90592c5b]   event: epoch_completed
2021-05-30 17:34:20.377574 [90592c5b]   forward_time: 0.04109358787536621
2021-05-30 17:34:20.377581 [90592c5b]   job: train
2021-05-30 17:34:20.377588 [90592c5b]   job_id: 90592c5b-0362-4bc4-9f54-0368efaaf6ae
2021-05-30 17:34:20.377595 [90592c5b]   lr:
2021-05-30 17:34:20.377603 [90592c5b]   - 0.33219573460519314
2021-05-30 17:34:20.377610 [90592c5b]   num_parameters: 210600
2021-05-30 17:34:20.377617 [90592c5b]   optimizer_time: 0.00702667236328125
2021-05-30 17:34:20.377624 [90592c5b]   other_time: 0.3768751621246338
2021-05-30 17:34:20.377631 [90592c5b]   parent_job_id: 58142d6e-4ebe-4aed-b088-29264465bf53
2021-05-30 17:34:20.377639 [90592c5b]   prepare_time: 0.025788307189941406
2021-05-30 17:34:20.377646 [90592c5b]   scope: epoch
2021-05-30 17:34:20.377653 [90592c5b]   size: 2221
2021-05-30 17:34:20.377660 [90592c5b]   split: train
